1	0.7221342785609616
2	1.7276155773381527
3	1.3737992127273042
4	0.9170304302133312
5	0.9601472023835017
6	1.0626942800319334
7	0.8126851531603821
8	0.8335354159240336
9	0.7126071146043514
10	0.93157961209372
11	0.5266678214457273
12	1.2895949883599123
13	1.5124102634334144
14	0.6014165381255003
15	0.6826509893958534
16	0.930160624159903
17	0.9289939634774347
18	0.9973657560205634
19	0.9734035675571528
20	0.661638080659557
21	0.8659264590155442
22	0.7241526112301748
23	0.7816684783686078
24	0.5456926334266524
25	1.093088319200945
26	0.7357602874683878
27	1.1954346254513284
28	1.058551714643852
29	0.8202917350426676
30	1.1184752502711013
31	0.8171857460515505
32	0.7527827211006345
33	1.1885794771496152
34	1.2608439244085887
35	2.563934340065106
36	1.5368822485110554
37	0.8043621119874224
38	1.165234213471945
39	1.0684254004456102
40	1.0520389959843028
41	1.3641028000749285
42	0.7328761646200912
43	0.8343526382309966
44	0.7447593748338055
45	1.118994227995861
46	0.7369222922862474
47	0.6631465542522881
48	0.5329658025145695
49	0.988833962514638
50	0.9125894651642928
51	1.0566149549205326
52	0.6543697573400427
53	0.7883163749213735
54	0.6718646500832208
55	0.7117430199012964
56	0.8007365320415454
57	0.8861125176546706
58	0.8837739124777269
59	0.7913520057660642
60	0.9123887703093001
61	1.083995320587083
62	1.260089286923695
63	0.6329495132884266
64	0.8630586927102385
65	0.5957173289835357
66	0.9508896205968104
67	1.8949896309689076
68	0.5514918724743865
69	0.9573965019940022
70	0.8291310210822813
71	0.6920066147962981
72	1.4599138919360322
73	1.000833234515286
74	1.8210044430765573
75	1.1757618288465168
76	0.7430790057478681
77	1.5069043377258642
78	0.990566981141177
79	1.262012814023233
80	1.0562464085816425
81	0.9574547740229621
82	0.7096500875014948
83	1.1973019796974036
84	1.1398787837160642
85	1.7068431919287903
86	1.0271653419498077
87	1.439885903665125
88	0.5686071540219723
89	0.7164153247785029
90	2.1150101935297987
91	1.1606880627741407
92	0.8754572687844602
93	0.7274879907869594
94	0.9611817067226319
95	1.1075648776175273
96	0.7347243681145006
97	0.8904104287956948
98	0.8347838868640144
99	0.9732547912314545
100	0.9361183326452686
101	1.4664140354974489
102	0.7957696934600781
103	0.8615285146766614
104	0.9113730404493309
105	0.5088533426941495
106	0.950377856284096
107	0.9218663754213026
108	0.6664068768556931
109	0.7238516169182783
110	0.6668094646403662
111	1.0033798260457745
112	0.6247396588185897
113	1.2524436406384205
114	0.4288196436875048
115	1.3460417673463732
116	1.362790607456254
117	0.8418647877671005
118	0.9480845094262966
119	0.9642397029420489
120	1.1477917894205172
121	0.6675014844841956
122	0.7775208040022634
123	0.8007864156181889
124	1.3795081671702052
125	0.9706876158885624
126	1.381046971669776
127	0.6797759065725548
128	0.671072697295975
129	0.7905630555435503
130	0.8960094825276856
131	0.879159736618573
132	1.2709226598388597
133	0.8191817895960528
134	1.4781538685124669
135	1.1236153067744783
136	0.7395422472468353
137	1.0710711207218628
138	1.1379825715276384
139	0.7503909887433644
140	1.3488755219454303
141	1.1135456113238782
142	0.938179766546628
143	0.6422125018883867
144	1.143327099733377
145	2.119197763886624
146	1.0992823238023448
147	1.1977954729076827
148	1.2226908069027644
149	1.1551022528990846
150	1.135260422861459
151	0.9434935136690216
152	1.297669061074779
153	0.9477918088402411
154	0.6221352799104772
155	1.5381502251449075
156	0.9328332264569608
157	0.7964169797359485
158	1.237245563632413
159	1.091208283273806
160	0.7643857870865232
161	0.6435224964804235
162	0.8063084925642267
163	1.144547510320011
164	0.932465397395779
165	1.134418461097584
166	0.6389644271127752
167	1.0472230238476103
168	0.629304073136049
169	0.9360752516943597
170	0.6742166244286754
171	0.8731348357411689
172	2.3065035127056586
173	0.7850960830413959
174	0.5538653757244014
175	0.5244572805424167
176	1.2054576719580263
177	0.553886998416505
178	1.2229769358254865
179	0.7593987222297
180	0.8445938884723881
181	1.0336775026742513
182	0.8299263268430674
183	0.7593065027458414
184	1.8442174364549724
185	1.0037525815660986
186	0.9657188783790004
187	0.5526563379135482
188	0.9408609128981126
189	0.48770793975837967
190	0.9313785046331378
191	0.7359875396637718
192	0.6813159188857438
193	1.0522945445773708
194	0.8667570343324478
195	1.0732925178635493
196	1.049680892152124
197	0.9737728397411647
198	1.045060470294087
199	0.5750642214566012
200	1.1232286065078307
201	1.1198699395863672
202	0.7707132638423463
203	0.8842410231623141
204	2.047614553191129
205	1.1702446549923158
206	0.8081071087115285
207	1.07074402745652
208	0.6238920289241658
209	1.1687383920852736
210	1.8240003024664213
211	1.4974979826543409
212	0.7468566099370769
213	1.0048303424654836
214	0.6768667683296802
215	1.0039480067292654
216	1.2395540373500133
217	0.9700238964979598
218	0.9905317072792246
219	0.9770101385307948
220	0.6920481669513019
221	0.7998693350079532
222	1.0922250834477554
223	0.9631719229429265
224	1.324976291768959
225	0.8919826934966671
226	0.7494630936793782
227	0.5646964650697565
228	0.5468752470450424
229	0.7172637288996617
230	0.7581207732904098
231	0.7404078824151044
232	0.465848518026677
233	0.6408623735534281
234	1.1020118137450003
235	1.5332754594569287
236	1.0270077206034747
237	1.133889748409225
238	0.4739667822462324
239	0.9683950868804028
240	1.1306100129802
241	0.6765971839963791
242	1.341436598416819
243	0.8119910908048599
244	0.7288924732585937
245	0.857605903062395
246	1.1138305880021877
247	0.7693038297518171
248	0.7670453198876629
249	0.6999315366362577
250	1.0345896464582425
251	0.8079154891260968
252	0.6211604897915706
253	0.6215684660860709
254	0.5463874203701122
255	0.7336154411156623
256	1.558040487718445
257	0.8991106914570081
258	0.6879296006341148
259	0.8558477089935979
260	0.6022534349951004
261	1.0378482781406806
262	0.768414325820235
263	1.132402286655775
264	1.0366540535519158
265	1.4126746068059752
266	0.7960875781080514
267	0.8143837786766868
268	1.1158716197797112
269	0.5230238816199398
270	1.6819575051822606
271	0.4495511992357103
272	0.7398371353354908
273	1.0478464178900913
274	0.7713763687408016
275	0.5673668449422785
276	1.018822559416109
277	0.7690109324259167
278	1.0030558045030749
279	0.9585843804763927
280	0.6398083326098963
281	0.8910943290888816
282	0.7828931882349509
283	1.6171056364458876
284	0.8022679675383951
285	1.2978992771270912
286	1.023044596594308
287	0.9313660606842091
288	0.7435754160645781
289	0.7845989610417101
290	0.85066103138916
291	1.153969825463368
292	0.7102766996556021
293	0.5396671333799581
294	0.933684595507343
295	1.2054434810435253
296	0.6360026540060502
297	1.5318423730786808
298	1.421811401849309
299	1.0630787458890623
300	1.0255532713023048
301	0.7344704323983303
302	0.8996908106489124
303	0.5676431183054855
304	2.0354588792050365
305	0.6075102926402681
306	1.535227514819243
307	0.7351048440888623
308	0.7230984609937225
309	0.8133480938208106
310	0.728505665937802
311	0.9732957803804142
312	1.086166724229346
313	1.1048728015936025
314	0.4862099801664344
315	0.7595219256242755
316	0.7595128920226665
317	1.063385341163545
318	1.4097869461508787
319	0.8795580618523373
320	0.7602890630343344
321	0.48049546057659825
322	1.4009205530954443
323	0.7756372145449923
324	1.8355467864996695
325	1.0801316040042903
326	1.2326495901175565
327	0.6807950257635685
328	0.6234125148217458
329	1.0833212391929308
330	0.6857867211426488
331	1.1678223343213596
332	1.6542776780412067
333	0.8458177445167019
334	0.6732341158170212
335	0.8112752231416684
336	0.7390299841865753
337	0.7164410441403068
338	0.9146929711234015
339	0.9486052214360365
340	0.9552114328046228
341	1.0471464150568983
342	1.2650791600669045
343	0.9685648860244471
344	0.6132484046438893
345	1.2271012114523923
346	0.693880826772721
347	0.7276605474113459
348	1.065519104964913
349	0.7343162605809359
350	1.3099419419365619
351	1.1334533085606242
352	1.5317399986224562
353	0.8723659158800017
354	1.209348851920238
355	1.7036977303309828
356	0.6986546062562065
357	0.7394894499855277
358	0.7224509678311848
359	1.3152714602495705
360	0.8595291875593397
361	0.8706071933062692
362	0.9734722025076015
363	1.0243468309441144
364	1.060967477940028
365	0.5157346030624441
366	0.9345883880051713
367	0.9953942023383786
368	0.7614896595144626
369	0.8642847257270097
370	1.2890535132531582
371	1.1594761574269579
372	1.7356820671366453
373	1.8471924871811216
374	1.5503157870700983
375	0.8849307419788562
376	1.089727699571387
377	0.8377771190339312
378	1.0130374886682496
379	0.8511407924686594
380	0.8690883096582817
381	0.6548047604008943
382	0.9894812212358047
383	2.188450524307147
384	0.5767184806189137
385	0.5845571486526249
386	0.6528292936559944
387	0.6945829566831967
388	0.6068504419674806
389	0.8924905514295799
390	1.8346309925523614
391	0.4908296647630055
392	1.1611588325986746
393	0.7802993586484684
394	0.8242405305971402
395	0.7275299417602227
396	1.0254738666748564
397	1.3420471090814494
398	0.8255044998391182
399	0.46256573207468615
400	1.005130970834864
401	1.070804630360481
402	1.2026930023822011
403	1.199453692359321
404	0.6460415332865622
405	0.8523390282267225
406	0.749914052145871
407	0.6505120667841569
408	0.8686940598083243
409	0.7576667106702304
410	1.7219065945235534
411	1.3960441365863399
412	1.078084713458588
413	0.7276086416602603
414	1.35188258737366
415	1.1426448131394167
416	1.5049501749231742
417	0.8125442850521656
418	1.6448049754810568
419	1.574615801857743
420	0.6241790280221154
421	1.0392274323564639
422	0.850950311373528
423	0.8595642584366183
424	1.2261486859817419
425	1.79663787469202
426	1.6793436650583473
427	0.8141987809619057
428	0.8655272847732235
429	0.7870226743655462
430	1.1074966440728518
431	0.9338538691075936
432	1.3567811787057584
433	0.8084827821954081
434	0.9529412481782684
435	1.050710091516543
436	1.5227370626947028
437	0.6837974560385812
438	0.828937573946644
439	0.8082725692701809
440	0.7966224041087836
441	1.0771014361345204
442	0.8078960448551948
443	0.9515442693686192
444	0.7583153173959865
445	0.9053210834652098
446	0.5756338662513729
447	1.0968341165184055
448	0.7240373238086923
449	1.242947994948826
450	0.8065912086676768
451	0.7410550698212753
452	1.3593699377407604
453	1.2852059830296567
454	0.6719234420511571
455	0.7664515124044512
456	0.9968561719043556
457	1.0464045204840855
458	0.8303075548807333
459	0.9375813607860398
460	0.7309038008402005
461	1.5859166289292748
462	0.8850277934171812
463	0.7716817572230305
464	0.9497928804681387
465	1.610444059705213
466	1.2619091542434633
467	1.3198114865091308
468	1.2739348879055783
469	0.6764607609935029
470	1.1665330146568642
471	0.820326772857584
472	1.0107217072953358
473	0.7473418582093843
474	0.6887218842763887
475	0.6979615309693671
476	1.346451827859599
477	1.123356003870638
478	1.1344726672955356
479	1.5144362834559573
480	0.7450324037744476
481	0.9998841276233987
482	0.7316168819948864
483	1.0009461650478495
484	0.746315053655847
485	0.7106259800475795
486	0.9995742709181331
487	0.7706839452435996
488	0.940594795000563
489	0.5900107373155112
490	1.192925968540328
491	1.2175041280779426
492	0.6090967230563826
493	0.712947369189453
494	0.7447525559928352
495	0.6505713438632261
496	0.6582797572347342
497	1.3370281314487906
498	0.9478320250468664
499	1.6258683777144278
500	1.0946557013857139
501	0.8339490715985644
502	1.0115030137944643
503	0.6156459961194934
504	0.7139830099847131
505	0.6557379142219312
506	0.7373926913792727
507	0.8465379172676879
508	0.9457060828203524
509	0.8599275713582466
510	1.1398627900245224
511	1.1291282177394526
512	0.7273540556504436
513	1.0501324601808142
514	2.138571972190407
515	0.8653039944723244
516	0.9388892326296763
517	0.8029686414983345
518	1.1765206830051163
519	0.9338422402920207
520	0.6911238461960931
521	0.7110944376030565
522	1.022794829266776
523	1.3173675827419358
524	0.6985912086442011
525	0.7214878774983934
526	1.0907724888244774
527	0.8631721056440088
528	1.4516538323815993
529	1.3965977731080628
530	0.5982094554714871
531	1.7627902970238982
532	0.7431114131087532
533	1.1520391677400394
534	0.8305548198437503
535	0.7390039615373697
536	0.8430370712897668
537	0.8145916438815113
538	1.4813981238404756
539	0.8222008111599474
540	0.6273264339053821
541	0.9054549804915867
542	0.981173428966675
543	0.9951605345150389
544	0.8367654346949674
545	0.7571330017115157
546	0.7754750035483671
547	0.5717862839979732
548	1.617889742082826
549	1.2157691833506017
550	0.9853635733434162
551	0.9980750547344277
552	0.7836561833005441
553	1.0896835802405889
554	1.0618503554238186
555	0.9364634702940945
556	0.7399342978364823
557	0.7010929172914409
558	2.0350099570703315
559	0.7765644534148574
560	0.5382709663025056
561	0.7965242899531265
562	1.2823974521171027
563	0.6544177255213591
564	0.6929536361409644
565	1.2574017608933843
566	0.9311713693505336
567	1.1664435048521806
568	1.319111022249461
569	0.5514133239360947
570	0.7511073825401394
571	1.2846433702762634
572	1.1598780413434089
573	0.8492445896212206
574	0.9648760490310608
575	0.7387843440207874
576	0.5293811482555362
577	1.299431483336103
578	1.023234207823184
579	1.6788205056193133
580	1.097513195358039
581	0.8669424436462382
582	1.1166515358167683
583	0.6701400432385466
584	1.690833877894454
585	1.564979650696534
586	1.061125500896823
587	0.9965457160299469
588	0.6755121125968738
589	1.458837342231234
590	1.0027562554733476
591	0.7391895876808057
592	0.6895516996761683
593	0.7618785374211077
594	0.5982415081354852
595	1.1006354111735317
596	1.1010717059680177
597	1.3531800588879828
598	1.737772358934094
599	0.9361922961454512
600	0.7934873559247392
601	1.0761012809850363
602	1.4788515983808352
603	0.8532895792961462
604	1.0150577851135936
605	0.911238986743136
606	2.164851519506172
607	0.5985678369284888
608	1.0341422809083827
609	1.1868359564763293
610	0.9846609279076495
611	1.0870275883674758
612	0.9568464999045955
613	0.6577279039195916
614	0.6995541899231049
615	0.8627167257394683
616	1.228887332976557
617	0.6701632281218225
618	0.6529991198959607
619	0.7537152788276941
620	1.0632780906403834
621	0.8155591437719493
622	0.5147870146568421
623	0.8301324231944496
624	0.7044510136842322
625	0.7723446568790562
626	0.9833332432101277
627	0.6216318676320957
628	0.7412940301024671
629	1.0300479357979409
630	0.7940724995465426
631	1.0445954028485422
632	0.8682403861688963
633	0.862315062150088
634	0.955157412031699
635	0.7529951200263684
636	1.0582362026300889
637	0.8352691875263708
638	0.9754829227514271
639	0.609809601078884
640	0.8377055770350068
641	0.7806446313726879
642	1.5162559222140986
643	2.083856484910489
644	0.6902868623663427
645	1.3946085497717335
646	0.7293795730474917
647	1.5337510093066764
648	1.2545629886381175
649	0.7943861855771432
650	0.8397921486050886
651	0.9169494320831354
652	0.9006859064429262
653	0.6336039047691426
654	1.1397999319729342
655	1.3331174584276566
656	0.8501191082197235
657	0.584257491944067
658	0.709930960501264
659	1.6245442991196453
660	1.2473406932345625
661	1.041574322857745
662	0.692974265547672
663	1.2607711663998817
664	0.7517647339948457
665	0.7868082986652681
666	0.5922537197975438
667	1.3838866826343685
668	2.446930080200947
669	0.6665681060449264
670	0.8336354628087357
671	0.9856930392497126
672	1.2167281610568457
673	1.2814349631115043
674	0.7426124595610226
675	0.9171818689172175
676	0.6873197280917308
677	0.9989617572677698
678	0.8964492802218721
679	0.9554340705050021
680	0.5669653682046063
681	1.1733668005904396
682	0.5434648953391047
683	0.5233405745497257
684	0.7568225575963295
685	0.527342577077096
686	1.2899424206949215
687	2.18581373610913
688	1.2122661388977374
689	1.8528873078154022
690	1.2904636586833358
691	1.0789665541237334
692	0.5450455810449515
693	0.7309229725936632
694	1.1326011762279586
695	1.0637950694057383
696	1.5185818600291423
697	0.9453194902313742
698	0.7709365470356548
699	0.732402722060355
700	1.0341100222373791
701	1.0803248329384527
702	0.5158715699898355
703	0.8129086594547874
704	0.6898240105758285
705	0.8160742727296795
706	0.5821603689483489
707	0.8384919595715452
708	1.7517957420297816
709	1.0543975530990704
710	1.2383573881041632
711	0.9455076986281987
712	0.9578133521898559
713	0.800160538731354
714	1.0013642890772219
715	0.9945905596876042
716	0.8235527754169659
717	0.7254993215507405
718	1.148892257534834
719	1.775398584643709
720	0.819472704435964
721	1.195478511311906
722	0.6789318244273257
723	1.2579938324214437
724	1.0988950060339622
725	0.43346486894513253
726	1.4274644227017508
727	1.6718991649953776
728	0.48390046276801796
729	0.6763720355784688
730	1.0765946733053147
731	1.026279260182779
732	0.7529164063748167
733	2.8150513245433824
734	0.7753611518849118
735	1.201518811464244
736	0.72303808304423
737	1.1517740771725693
738	0.9337220073101765
739	1.5918520843842676
740	0.4741117386539182
741	0.6667896997285118
742	0.9311929806738971
743	1.4785942136893127
744	0.8455081927066497
745	0.6615060934642198
746	1.2261754749038534
747	0.6040189451396948
748	1.1151717942603194
749	0.8958332548769974
750	1.2315563977820632
751	1.1117524220027664
752	0.7531519258012633
753	1.0567282469943793
754	1.8278176880775885
755	0.7313631874767105
756	0.8317588184679193
757	0.7551316330003949
758	1.179787117705772
759	0.8607386986367069
760	0.9544079665637184
761	1.1379274809565167
762	0.9733399830730338
763	1.2807834768402906
764	1.545277373345114
765	0.8867461190252588
766	2.5475613630899394
767	0.862165953427463
768	0.691975616898299
769	0.7860766729559805
770	1.0605540409398715
771	1.6109954074120862
772	0.7440381896175893
773	0.6476261971881924
774	1.077975903588069
775	0.950558003816696
776	1.4096041995266888
777	0.5810882335826947
778	1.3613946624395972
779	1.034155558660318
780	0.8092253050595337
781	1.5313664444088402
782	0.6995833675703806
783	1.378159785971991
784	0.9818366690785687
785	0.6739667306076362
786	1.0878981712541462
787	1.5410776502012151
788	0.824252177402159
789	1.3189326803003198
790	0.8615455657983161
791	1.466739331164223
792	0.9287440262865512
793	0.6933819151423776
794	0.7324001024406943
795	0.8436168956137569
796	1.4944412172530976
797	2.5446255898463472
798	1.51615253602118
799	0.9154152513806912
800	2.105226823896127
801	0.8107000339454293
802	1.8668810569185268
803	0.5205526698309144
804	0.8433912799428734
805	1.0757747155267583
806	0.8876849436677056
807	0.552075152015009
808	0.8903197867820523
809	0.5359685180207211
810	1.3852200734999853
811	1.1133275306963182
812	1.6065391383648913
813	0.8348947291862469
814	0.8899016496683406
815	1.4478678461614496
816	1.0035089686466951
817	0.9078913305259745
818	0.6430219046085516
819	1.375642377991937
820	1.4140437466204259
821	0.649856145198979
822	0.71638541059918
823	0.6467103847470002
824	0.8513329059037869
825	0.9163310362563692
826	0.8751203567470562
827	0.935625809180731
828	0.517686357123361
829	1.2412392055222017
830	0.9556188273730563
831	0.682495330133398
832	1.1371678897858395
833	0.7998667434293335
834	0.9983842886375858
835	0.7818798536169113
836	0.7671985509840649
837	1.3105050199141772
838	1.7391803099360454
839	0.8721425989685629
840	0.7118780900044913
841	0.5187093813041773
842	1.1185302688816232
843	0.6988563964875641
844	0.7433365262574625
845	1.3859300918033959
846	0.9832049042423143
847	0.8420702198310315
848	1.221095507232954
849	0.6097748242359304
850	0.9402524497235594
851	1.571982035893355
852	2.0411804415204284
853	1.020224461760347
854	0.7883429407187095
855	0.9052242423911762
856	0.8836940005655058
857	0.8586706912586597
858	1.4286106655313466
859	0.9096845238908077
860	0.7118466907647921
861	1.1407814436645272
862	1.0371149687702939
863	0.8572781281099081
864	1.0123926871449616
865	0.9452432991534943
866	1.391869097534083
867	1.5957804765333425
868	1.047320166283448
869	1.4176642442484477
870	0.673477018172515
871	0.7489255692194753
872	0.8238126994659085
873	1.2321766363110997
874	0.9007113372196847
875	0.8669755312813523
876	0.8160758602068391
877	1.566564762319969
878	0.6568806120410224
879	1.0747135150133116
880	1.0937561707458001
881	1.2357087940592721
882	1.0361788269030274
883	0.6421091494866099
884	0.7817057944478696
885	0.6419347408972883
886	0.9161156566130152
887	1.1497637393273257
888	0.7149880417958691
889	0.8786107753443059
890	1.1335288996816875
891	1.2142390234487044
892	0.8323778254190143
893	0.8974627411441802
894	0.9230402351047763
895	0.9052109940181532
896	1.535452538896838
897	1.0935395224126816
898	0.9476075694430225
899	0.8932244571260632
900	1.6338899561814122
901	0.8465621192801296
902	2.000450665926434
903	0.684706450566989
904	1.341991054665095
905	1.161118555419297
906	1.0610330901816318
907	0.3901313835295452
908	1.3110290229610653
909	1.6988071931369808
910	0.6290400468916071
911	1.0402645403503659
912	0.8402876706351209
913	1.684971236875866
914	0.98725228528397
915	1.365321639849461
916	0.4389004552088493
917	0.7819254483000416
918	0.840275508736444
919	1.143168629329469
920	1.179539761387111
921	2.060861988929755
922	1.1259434026309678
923	0.8642037735847272
924	1.7902381486332644
925	1.461742506880938
926	1.5437175944668466
927	0.7014349510371227
928	1.6561454508661744
929	0.8428240807662443
930	0.663807566566835
931	0.6652995831307293
932	0.8564391119502635
933	0.7196783703940522
934	0.9889075507771339
935	1.022826383015685
936	0.7202294654142362
937	1.12068539649679
938	0.815220256761131
939	0.6959220939548566
940	0.8907619100762904
941	0.822916904467782
942	0.9857503499814587
943	0.8194376263737873
944	0.630879948937065
945	1.0006227405300585
946	0.8796132206022584
947	0.7569394007871478
948	1.5815933819057328
949	0.7717082723370013
950	0.7394374248305967
951	0.9543659588088776
952	2.147575457088712
953	0.7256548725156357
954	0.5916071488748028
955	0.852970822190644
956	1.112317204677722
957	0.8484791912979109
958	0.89080737583348
959	1.4069475841675123
960	1.3367783130500275
961	1.093093288741576
962	0.9170588214988754
963	0.5712264549009121
964	0.673606837252865
965	0.9177651710164512
966	0.46043936003307245
967	0.9696422020869222
968	0.9114717662152402
969	0.7731261479404417
970	0.919061599749601
971	1.1924807324810256
972	1.2131588352110723
973	0.6971420982684191
974	1.2011853851586227
975	0.685563319845867
976	0.5481536788917345
977	1.298238618391536
978	0.797751808205946
979	0.6521427323046034
980	0.6951615531119365
981	0.968298415060724
982	0.7067989038977126
983	1.0543244614066587
984	0.7424655163299864
985	0.8487749864598227
986	1.1033535008123687
987	0.5420581142635056
988	0.8183727662666255
989	1.2850617483291835
990	0.8269107842296824
991	0.9466249079050464
992	1.0782523850542631
993	1.3635259910218451
994	0.7718437650467939
995	1.2912764823511935
996	1.2065800068476908
997	1.0522598638113057
998	1.00311085123187
999	1.0823913106203817
1000	0.8595819433126701
