1	0.8674503528618218
2	1.11784260008885
3	1.0343129029589984
4	1.1164181496628336
5	0.954131975988371
6	1.1409287039391673
7	0.9321502363992966
8	1.0643339068993576
9	1.026816428880642
10	1.146238342762318
11	1.0054370401998038
12	0.9753596288125999
13	1.0372885078618355
14	1.013014331115831
15	0.833485731733878
16	0.8821978421264874
17	1.1046205231637825
18	1.0529441660074919
19	0.8593673710079072
20	1.0078552540094097
21	1.1606873127107502
22	0.8318440851944392
23	1.0429165309166084
24	0.9754365828757116
25	1.0761292998454255
26	1.0680733867038399
27	1.0233382341341979
28	1.0257463207444804
29	0.900780326514928
30	1.027950368387899
31	1.0501362968547836
32	0.9268032232095978
33	0.955976620481355
34	1.0303752846613652
35	0.8449180896502392
36	0.9388751728356424
37	0.9521796767624805
38	1.0874666625513223
39	1.0862443055011861
40	0.9367341696652225
41	1.1514820057681892
42	0.9863270701508702
43	0.9281089502180674
44	1.0177746375878667
45	0.9320740661356266
46	0.8714726724573841
47	0.9867049732850488
48	1.061111141415549
49	0.9232331031138304
50	1.122639642349398
51	1.020882005775418
52	0.8404374120659908
53	0.9233538683807035
54	0.9136576085058341
55	0.9970810956971964
56	1.0976760637969698
57	1.0322695061297524
58	0.914816394530395
59	1.036693157894419
60	0.9169995061220937
61	1.2229612714664377
62	1.0774754129979611
63	0.9014566046645126
64	1.115100870280446
65	0.968136400594042
66	0.9480943094894752
67	0.9637710248151317
68	1.0689385380082363
69	0.9659557034889585
70	1.0033186968035663
71	0.8410025268398001
72	0.9954621516699539
73	0.9377658499965219
74	1.3072470573574546
75	1.0209463189070125
76	1.0065421679031803
77	1.3353204293697696
78	0.956157627224687
79	1.0405995529048089
80	0.9961867888736458
81	0.9306796559838019
82	1.051708937716106
83	0.878858291491974
84	0.8878131119814072
85	0.9124907843326268
86	1.0963988351776361
87	0.9928325413914526
88	0.9330727778817688
89	0.9482952438210681
90	0.9376736111976485
91	1.1380582087138624
92	0.904072882761875
93	0.9231993184787779
94	1.0766291180914114
95	0.9140633992647879
96	0.9596819037320004
97	0.9490142297219772
98	0.9415784908654646
99	0.9807828047329885
100	0.9321231788976232
101	0.8624473188360524
102	0.9793973144439324
103	0.8771458566063126
104	1.0268721638507443
105	0.8703796871224031
106	1.0013488910377315
107	1.0616332600079434
108	0.9309466116561531
109	0.9189812320373065
110	0.8838169199450632
111	0.7931058169596188
112	0.9535823612144284
113	1.1734028653470978
114	0.8921629691725158
115	0.9819163553451458
116	0.9890676586790423
117	1.2359533789356856
118	1.0446311934266057
119	1.1780150929062256
120	1.1208612220180008
121	1.0216863972271162
122	0.955303054805927
123	1.222890955728735
124	0.9659298132349162
125	1.061524155689081
126	1.0362597075869262
127	1.0746110131865279
128	0.9360518076148707
129	0.8805469473908394
130	0.984645581306735
131	1.0492479509998036
132	1.0779861547712952
133	0.9348542523467397
134	1.0001719239289721
135	1.1484932411576263
136	0.8357365028339518
137	1.0036222151400482
138	1.082813037177607
139	0.9642979316705125
140	1.0469340894903283
141	0.9972899119704346
142	1.013260723515795
143	0.9701022355864317
144	0.9610772719700925
145	0.9324990943158578
146	1.011087048666224
147	1.083417465519737
148	1.0351735181973225
149	0.9963290861057009
150	1.3852838255553024
151	1.0672601027603483
152	0.8896420836829386
153	0.8667751409186304
154	1.08186628017246
155	0.9551107525617768
156	0.896319971292654
157	1.0462441589366416
158	0.9600878245267758
159	0.8731460525351193
160	0.8716445594084268
161	0.9883307590310678
162	1.0670231283342857
163	1.058831231180882
164	1.077182255586676
165	0.911799864052368
166	0.9589370913538794
167	0.8645361231126198
168	1.031405965525483
169	1.1139236660780094
170	1.098533697643115
171	1.036664627017471
172	0.9013047798689883
173	0.9988424456022503
174	1.0388915408246189
175	1.0256779234226143
176	0.7998817330568557
177	0.9875717120320461
178	0.9028572519579584
179	0.9171605908905341
180	0.9539779589931316
181	0.969440979635014
182	0.8891608185924272
183	0.9588812418135334
184	0.9515250900628242
185	1.3465569178815078
186	1.0032429885680327
187	0.9599383644090373
188	1.014437440263445
189	0.8698804260598058
190	1.0371170000776888
191	0.8467557252253296
192	1.0670821607253331
193	1.4333195029748964
194	1.0473180751896765
195	0.9005996661190887
196	0.7836723649597493
197	0.9287800991520746
198	1.0793894385493035
199	0.8865440159324749
200	0.9822251837051638
201	0.9745372236293953
202	0.9077762620110619
203	0.99251628701004
204	1.0026013478953875
205	0.9030058200054087
206	1.0572995656925062
207	0.9976667339020657
208	1.1266903964935464
209	1.0207275853562097
210	0.9359265261571859
211	1.1268067921886527
212	0.9022312343579607
213	0.9058947999629112
214	1.2829754371885582
215	0.9493647899605214
216	1.0616930284862995
217	0.9573765100247456
218	0.897616564319953
219	0.9443401087994545
220	1.0012951801335133
221	1.031544936932267
222	0.9141939705060281
223	1.027632043595486
224	1.0139253466862188
225	0.9812070505300295
226	0.9329144595372306
227	0.8778237380049674
228	1.0461093216784842
229	0.9078143970411134
230	0.9456268264503208
231	1.271391436647278
232	0.9618999950460324
233	0.8006253124024474
234	0.9102865404279044
235	0.9896890550648629
236	1.0579280259556527
237	0.90429645746891
238	0.8997079100987002
239	1.0211895990586557
240	1.0462230109431467
241	0.9161075103636359
242	1.2310172201865215
243	0.9866743732626694
244	0.9888205925843789
245	1.2169426134278263
246	1.174818990680464
247	1.0087808367170068
248	1.07746208125752
249	0.9128293928177224
250	0.853897803053691
251	0.9862752774825887
252	0.8947115916932068
253	1.2152247588930696
254	0.8406827576197126
255	0.9895840195314088
256	1.0769132168735476
257	0.9670697656790591
258	0.9732002177486896
259	1.0624728795664422
260	0.9070731132325015
261	0.8317751016747111
262	0.7581821756574442
263	1.1081991910753277
264	1.1283404130174393
265	1.0296301957798906
266	1.0408241508233034
267	0.7913448345103041
268	1.1294534014284177
269	0.9817836070315303
270	1.0051791846787863
271	0.8244272749943204
272	0.8316199875072431
273	1.2012484489775705
274	0.9593752270393049
275	1.0053880157056359
276	0.9976678196412371
277	1.0996025730185661
278	0.9192837845698661
279	1.0062304150587922
280	0.972225751604177
281	0.990675932097534
282	1.018906935527522
283	1.094894468081061
284	0.9825803162485851
285	0.9906353941198404
286	0.966766899385131
287	0.988976414526407
288	0.9504212150193121
289	1.057364622197996
290	0.9861831483658916
291	0.8249742860746587
292	0.93673558177854
293	1.140607733898686
294	0.9838434202634322
295	0.9981592246977353
296	0.860016646238733
297	1.1177127829384992
298	0.9111651394839196
299	1.124107495328148
300	1.0176715706537292
301	0.8855415255171014
302	1.330675455812528
303	0.9512720076194656
304	1.0032699843757429
305	0.8943135523535188
306	1.030066062341411
307	1.009284995004413
308	1.0722429807612985
309	0.9086321292375868
310	1.0162284187005874
311	0.9228026839642007
312	0.9862066381250855
313	0.9476773602277295
314	0.8171923751994259
315	1.077862762292815
316	1.117016527213425
317	0.8564753654819657
318	1.080859745899772
319	0.8703189080974882
320	1.1439266685470457
321	1.1192407768608768
322	0.8865467963895197
323	0.8488375217087978
324	1.0228867398486485
325	0.7894439654749583
326	1.1478213446258632
327	0.945494962304022
328	1.0479455496211543
329	1.184712871782289
330	1.0568977736321596
331	0.9657695659072995
332	0.9061376586392696
333	1.0175192914771038
334	0.9548536958325586
335	1.0650221626142624
336	1.1116638617647518
337	0.9832139155397843
338	1.0998190413538087
339	0.9097371977885556
340	0.9957236737446327
341	1.16705716950506
342	0.9968395675115305
343	1.0601955357844153
344	0.9222993729284866
345	0.985372916466827
346	0.9442001770542793
347	0.9422847854987186
348	1.0508074664503395
349	0.9714287482985684
350	1.001386027082603
351	0.8686233027938872
352	1.0647626344412575
353	1.0582892641948816
354	1.1149706799412429
355	1.14758424795401
356	0.9652564046532325
357	1.1235874500218181
358	1.1574206086147427
359	0.8604935641309576
360	1.0764046836690597
361	0.9424705993664595
362	1.020196950839145
363	0.9744205339142568
364	1.0837788083836173
365	0.9359419204558297
366	0.9221128726710677
367	0.9327170023292534
368	1.0695960451921684
369	1.0891112520892563
370	1.0387976841412092
371	0.8948823850828657
372	1.034091151403844
373	1.015209780877353
374	1.1805322492758703
375	1.002912055047696
376	0.9882428853016126
377	1.1781689537230362
378	0.9602949161989234
379	0.9982902372294831
380	1.0331673977993585
381	0.9600997707485901
382	0.9558177930075085
383	0.9346940538380004
384	0.9737769192335536
385	1.0451639398468051
386	0.9430786664833208
387	0.9835641584584126
388	0.8694202320837111
389	1.0120917171568142
390	1.1280427443414212
391	1.0090135819322776
392	1.1159673947039148
393	0.9457289317772614
394	1.1240238856275477
395	1.0672579860177018
396	1.1187099493545292
397	1.0370219344559322
398	1.0423671642356465
399	0.8279772238362065
400	0.9458048467247642
401	0.9306135600704
402	0.906229066651295
403	0.9475244817624408
404	0.931590563997817
405	0.980067141091159
406	0.9589879440793946
407	0.8416008305908116
408	0.9694093431101123
409	0.9512850677796313
410	1.110264753183655
411	0.9388381394884704
412	0.9542190835463142
413	1.1062973130268352
414	0.9653664242499107
415	0.9991145395274899
416	1.086775974901411
417	0.9906602003190481
418	1.173320094032867
419	0.9842852282819308
420	0.9540669991711654
421	0.9842955465965433
422	1.1035028149079642
423	1.0511451676563124
424	0.8590806017638656
425	0.8543860618046243
426	0.9755217578269271
427	1.1375610378845413
428	1.1416396875697437
429	0.8023652029653228
430	0.9070701067189534
431	0.9784258933866382
432	1.1130308737698253
433	1.201001844062713
434	0.9681406284090193
435	0.8825337520852237
436	1.1114764124992724
437	0.9479002536694567
438	1.1270264066601128
439	0.9117949554678269
440	0.9421305424660313
441	1.056745593571871
442	1.059674609365254
443	0.9705115300497189
444	0.8023409590119921
445	0.9803599004191322
446	0.9709622002694033
447	0.9060197072153008
448	0.9846856729320438
449	1.0007497788164386
450	1.0772325296629794
451	0.8730713082407016
452	0.8804551986341472
453	1.202755698813529
454	0.9546900910711459
455	0.9216932495119284
456	0.9936542965758076
457	0.9144209378595302
458	1.044260228728543
459	0.7854043456405412
460	1.0312546281003743
461	1.0448684090676312
462	1.134490992527697
463	0.8642257300253808
464	0.8663360439396927
465	1.184227851750126
466	0.9951615121417107
467	1.1256918776587936
468	0.9925979423087857
469	1.031447541857656
470	0.9702895903040508
471	0.9825523618189146
472	0.8526926826105948
473	0.9419292915711748
474	1.1021941177469001
475	1.0093865482944548
476	0.9511625575881107
477	0.9361840798735517
478	0.9903656040846502
479	0.9920266077149609
480	1.0336711700075127
481	1.0198411936508414
482	0.9949575696856209
483	0.8445348394152786
484	0.9916096874834743
485	1.0787063673378334
486	0.8748794073849413
487	1.0039578037399584
488	1.2955868250267997
489	0.9783252266572343
490	0.8179288668918376
491	1.046752639656305
492	0.9533626836781081
493	0.8840293021020164
494	1.0554011520549633
495	1.151438020209024
496	1.0005561066754767
497	1.0182101885609771
498	0.9032825776013704
499	0.9297662265212722
500	1.1293973746556487
501	0.7840098806498702
502	0.8956114705594138
503	0.9550495682574913
504	0.9780913866738449
505	1.0500927376727043
506	1.0206934021770655
507	0.8962361144083304
508	0.9415237658031003
509	0.9197152463384002
510	0.96070418884139
511	1.0757476791702896
512	0.952920398523943
513	1.0029255073808998
514	0.96963100633249
515	0.9594773507017118
516	0.938466961151009
517	0.8946466549671422
518	0.9369112398426158
519	0.9531277295162816
520	1.0113662502479854
521	1.038895149341228
522	0.9424651012668754
523	1.2347057727945219
524	1.0233208321812424
525	0.9787165956761742
526	1.2307152939024046
527	0.8730868209685069
528	0.8819073341711038
529	1.0285078468067317
530	0.8729168576726959
531	1.0109778621874566
532	0.9650483606504886
533	0.918640999132527
534	0.8969624411758995
535	1.1827340789820127
536	0.8112587393361533
537	0.9256810035282431
538	0.8978423027998151
539	1.036129313702001
540	1.0266987461211934
541	1.055109906056839
542	0.9263917835563283
543	0.9549998412761694
544	1.2140552623423908
545	1.0081869162854915
546	1.010382323118068
547	0.8931923840072515
548	1.2644216595655935
549	0.9515562856886042
550	1.1349570423861302
551	1.0192896107863978
552	0.8874979141764993
553	1.108366966601771
554	1.011530834618054
555	1.1027438042338789
556	0.9308340200066217
557	0.9921688009790575
558	1.091691534284046
559	1.0038274677369718
560	0.825679578681081
561	1.13135397068242
562	1.0235588046174857
563	0.9817902431792572
564	0.8946090474006552
565	1.093622879780356
566	0.9740379067898769
567	1.0867322377839268
568	0.9230607948633704
569	0.9590642641596808
570	0.8831789160093412
571	0.7777789565700568
572	1.0343755794624252
573	1.0140433512974691
574	0.9653701923199794
575	0.9097409961551285
576	0.9311286511924041
577	0.9795840629333107
578	1.037607361499115
579	1.0824954464294365
580	1.0213422617757686
581	0.9005648909965358
582	0.8489420260486651
583	0.9060352312537193
584	1.0371120193269128
585	1.0240083357052856
586	1.1162288428896605
587	0.9085122988142762
588	0.859982234308756
589	0.9693853218339545
590	1.1000106854502636
591	1.0700593142646022
592	1.0205984611092624
593	1.0278815620709176
594	1.0278291875495873
595	1.135241045037276
596	1.0810357509906487
597	1.1113748486725203
598	0.9584026340170789
599	0.9487434619947491
600	0.9601895732218142
601	0.9531949162150877
602	0.9982729955563395
603	0.9828906484732229
604	1.0036536019221767
605	0.9504800627362693
606	1.185046974716273
607	1.0522117476154453
608	0.9783374886386389
609	1.1239861057247023
610	1.0124022053707626
611	1.0511531082921945
612	0.9772661461777544
613	1.0979092351029471
614	1.004606888782646
615	1.0019209964399667
616	1.0424959226300796
617	0.9947863202110535
618	0.987401679693298
619	0.8972034777104402
620	1.038356584622871
621	1.1067373074547682
622	0.9165386955581656
623	1.1233825143279528
624	0.9765863961101365
625	0.91109021912087
626	0.9351397050237475
627	0.9010424740590779
628	0.9289464270017096
629	0.9108717257824199
630	1.1906701042490544
631	1.03404610274224
632	1.0258048112642273
633	0.9564081767843496
634	0.9325947673920945
635	1.1534269624735702
636	1.2404945277104096
637	0.9424882335032119
638	1.2542094845531202
639	1.090451694168429
640	0.8833565258531015
641	1.015079433070036
642	1.0342463608948675
643	1.0132931710171278
644	0.8591628194763162
645	1.0437819632974166
646	1.0275084067750562
647	0.979573181043224
648	0.9121749170847764
649	0.907901609475697
650	1.1323836038274162
651	0.9178513918050575
652	0.8535719452448983
653	0.9441803997231581
654	1.0758770299348082
655	1.0979550439593992
656	0.8488495776198951
657	1.092732003918044
658	1.0447337626894804
659	1.1592844459576264
660	0.9874211856280934
661	0.8260634909037594
662	1.2265741983518441
663	1.2413570412081558
664	1.134056192665753
665	0.9178381421766927
666	0.9844381261307609
667	1.0866870919462932
668	0.9585144649097723
669	0.8573930408684697
670	0.9344799709625837
671	0.9694234324813786
672	0.9528572662426402
673	0.9313947627222946
674	0.9701416201324655
675	0.8644878343299447
676	1.1421851988368115
677	0.9664313778082657
678	1.027363660158824
679	0.9345700947999213
680	0.9627204797571707
681	0.8839267707957147
682	1.0054439789030953
683	1.0344272018883336
684	0.8174291330561545
685	0.9072517858546787
686	0.8379632919618609
687	1.1124654557084104
688	1.066594004628943
689	1.0973568224682786
690	1.0023772431323184
691	1.1115969513095314
692	1.1459570014679166
693	1.096623967651852
694	1.0277986497758995
695	1.000838115652372
696	1.079534916628205
697	1.0688033562421095
698	0.8030739600060959
699	1.0637594610123975
700	0.8754862163391944
701	0.9039182905220868
702	0.9716442169288584
703	1.0074993500103184
704	0.9803752832144369
705	0.9199388034051471
706	0.8811123185433687
707	1.04965173134685
708	1.0715687885626028
709	0.991814080607276
710	1.1121965108901741
711	0.9997750757660042
712	0.9874246010458958
713	1.062150840279549
714	1.2362453509933768
715	0.9267684023975057
716	0.9743234554975629
717	0.9306856597795342
718	0.9419916578228069
719	0.9927275089886117
720	0.9243744383725009
721	0.981651593014533
722	0.993706313788739
723	0.9108221043952727
724	1.1492161841344417
725	0.9153356757744615
726	0.8805718431363598
727	0.9594254097196903
728	0.980918387987857
729	0.898174180450025
730	1.119977247719609
731	0.9500379360305596
732	0.8958919303924493
733	1.093301418918524
734	0.9791827384760976
735	0.8845908928546482
736	1.1071407200262122
737	0.9130323549542587
738	1.0215437306363238
739	0.7396723947838496
740	1.0674681205962608
741	0.958416393665843
742	1.0956669436069009
743	1.011164401533464
744	0.9608742159566523
745	0.9759232629602967
746	1.017981111981695
747	0.8605791474196898
748	0.9971062203990663
749	0.9327658156196164
750	0.9796580915534066
751	0.9436112858438618
752	0.9464505989840271
753	0.8786582032791632
754	1.0052577199711392
755	0.8075443512601217
756	0.9550368165187064
757	0.8810013550271328
758	0.9839199170273087
759	0.9059255837592454
760	0.9465586724051003
761	1.0226896255149611
762	0.9430915999138797
763	0.9818338055852986
764	0.9905929522292607
765	1.006532973454208
766	1.1198007090856499
767	1.060868474537976
768	1.176558446322074
769	0.9143117066995321
770	1.2095920126034383
771	1.0194537853930161
772	1.0119547214923927
773	0.8988084849733626
774	1.1503597180325367
775	0.8896811402551943
776	1.1129158772420977
777	1.0398779742262954
778	1.0640250430386473
779	1.050737931022486
780	1.0520465525189198
781	1.0346924668756523
782	0.9415910441432065
783	1.0419220994255558
784	0.8137109181192709
785	1.1718013403181426
786	0.933386272098773
787	1.0286176556062547
788	1.1006403638791846
789	1.304377578251428
790	1.0403102982407944
791	1.0973258856952783
792	0.9147905568714414
793	0.8513097988903675
794	1.0316239835077663
795	0.82193310533941
796	1.037629133245185
797	0.9799439197407448
798	1.035937863908145
799	0.9551169577222663
800	1.1906413321805704
801	0.9953404858923495
802	0.9461529433888114
803	1.021119621979829
804	1.0034231209560796
805	1.1218563538995414
806	0.8962287649300045
807	0.8458112211366982
808	0.9370366763786513
809	0.9152947260965283
810	1.0000704138049175
811	0.9835427926169439
812	1.2191211439321985
813	0.8616281569921391
814	0.968430501334399
815	0.9176799120258645
816	1.030965572931881
817	0.9641447098909958
818	0.8674729656020522
819	0.9771837941901492
820	1.0466518912337164
821	0.9069735130766922
822	1.0300362251746713
823	1.1339575434653075
824	0.9570696545583732
825	1.1289563675697583
826	0.9850045344086439
827	0.9598206105965523
828	0.9174211492628664
829	1.1741829581570271
830	0.994183205878403
831	0.9043698521000789
832	0.8462807905174206
833	0.9939701758874991
834	1.0275779971153973
835	1.025171752043458
836	1.013782581391049
837	0.9894856389807142
838	1.1150055249843465
839	0.9657878511725604
840	0.9425458990939449
841	1.2267785990552662
842	0.9580859503562981
843	0.9473267132730666
844	0.9566337231630458
845	1.1026174261836723
846	0.866660944866299
847	1.0473811417244083
848	1.0808770230123637
849	0.958308676270289
850	1.1415482175762253
851	0.9502533473913644
852	1.0400232093114294
853	1.1149497746972474
854	1.0702625368854093
855	1.0580627979155497
856	0.8725367163065272
857	0.943981136610125
858	0.8788159340867485
859	0.8289698889633964
860	0.986024153083401
861	1.2143647306191738
862	1.0375160045314569
863	1.2344045863624085
864	1.037036611279528
865	1.099310190429622
866	0.835507681476143
867	1.0209065909349369
868	0.8638782311454455
869	1.0021995817554261
870	1.092137595014018
871	1.1493650742851031
872	0.9462169710523811
873	0.940654845567839
874	1.1088237107217818
875	1.0253837878951808
876	1.046817039478837
877	0.9802493339655781
878	1.1209740557462335
879	0.8608320035783886
880	0.9822882892914773
881	1.001439825508532
882	1.065868385901365
883	0.9268676257418762
884	0.9860523387053153
885	0.9493597748823506
886	1.0537338243215684
887	0.9974181761022496
888	0.9583201845027206
889	1.0227514361385046
890	1.1919998390686912
891	0.7902881606676668
892	1.0592344062696222
893	0.8522203318799603
894	1.0357232606725169
895	1.0470939846655147
896	1.1535822271332399
897	1.1049953140912891
898	0.9870909539318937
899	1.0314565793844024
900	0.9283541400881252
901	0.95729742962026
902	1.1013504841405113
903	0.8984627424680837
904	0.9994975757618739
905	1.0155967874325509
906	0.8906934782829743
907	1.099061749136669
908	1.0636242452664244
909	1.052039344814035
910	0.9403156324854876
911	1.0550830628077066
912	1.0678452429294334
913	1.0348826144432193
914	1.1373409042103149
915	0.8922517989225086
916	1.0222679029415511
917	0.9293852156275124
918	0.9807116249004413
919	0.9168532824576305
920	0.8737234486358544
921	0.911965217469883
922	0.9121668235657838
923	1.1496974742311912
924	1.083385921991673
925	1.247359030058906
926	1.0964402043595618
927	0.9318818243576109
928	0.9478918577691999
929	0.8014741878610064
930	0.8216315204216146
931	1.0228883885887887
932	0.9215017562334366
933	1.0716606963796644
934	1.0285104281833732
935	0.8594399592149196
936	0.9984272781271172
937	0.8550333527848659
938	0.9065367658079383
939	1.0698438809319162
940	0.8159847696827456
941	0.8914212611842862
942	0.874050828154406
943	0.9471931540445481
944	0.9308868115937987
945	1.1497327195683382
946	1.011856968614315
947	1.0020188190678554
948	1.0487106201458736
949	0.8743755227214706
950	0.9063532293110277
951	0.9754989193193181
952	0.9189186718854341
953	0.8810463733472021
954	1.005436889716536
955	1.0637778051896563
956	0.9645131857022949
957	0.9805521512675089
958	0.9885538460259694
959	0.8568796781839907
960	1.1527951650449304
961	1.132383089862086
962	1.0999179919665454
963	0.9171375496746224
964	0.9841862111523899
965	0.9199710697163566
966	0.787331405813211
967	1.2694405280328893
968	0.8548032748038252
969	1.03763904438812
970	1.0127312481844997
971	1.212015305555414
972	0.9493775900224889
973	1.0530289849410928
974	1.0166531405180739
975	1.0324268737652877
976	1.1300770962346114
977	0.939531368531521
978	0.8546397426028693
979	0.9814592721908005
980	0.9266882868463181
981	1.049491382645188
982	1.137890389010588
983	0.9930130472002174
984	1.1916897830613993
985	1.148395438818736
986	1.0080436680214842
987	1.0653312986189751
988	0.9818527536093038
989	1.0317978267400034
990	0.9415807190337554
991	1.0864108140326885
992	0.9008597142726423
993	0.9265901338424549
994	0.9113336084720624
995	0.9303853637445889
996	0.9028128755682862
997	0.9709303514441461
998	0.8840546123998296
999	0.922336451130886
1000	1.1566445598149127
