1	0.8674503528618218
2	1.132061633540059
3	1.0239862749587603
4	1.0886077531251923
5	0.9601872825335267
6	1.0915176124539498
7	0.8096679325438133
8	1.0620041799444895
9	1.0647725100055907
10	1.2063104690940845
11	0.9769658029271062
12	0.9821190462176715
13	0.9857020436301709
14	0.9957612154344334
15	0.8719328661573195
16	0.859289829001963
17	1.0702627123583166
18	0.9952412543168043
19	0.9065466403214401
20	1.0354622793060213
21	1.1673496057244632
22	0.8441311545947333
23	0.9843551152763066
24	1.0086146775122062
25	1.0785634443416345
26	1.0403859568072107
27	0.9699694871398431
28	0.9501305737897885
29	0.9510327313449872
30	1.0001853060910126
31	0.9580681798901923
32	0.9598587098511709
33	0.9687149006962494
34	1.0902725678899856
35	0.9529611340366343
36	0.9570986553422167
37	0.9280431384637714
38	1.0832214644587137
39	1.1266589946713175
40	0.925497381152143
41	1.0980261841758845
42	0.9188679209597668
43	0.9283768652481474
44	0.9894492328539121
45	1.0068994876892807
46	0.9085852470161289
47	0.936285443426993
48	1.133098363051173
49	0.9166078545946669
50	1.12591835080095
51	1.0483033910781712
52	0.9230220617254792
53	0.9246452991494982
54	0.9306953308178907
55	1.0099086873228176
56	1.0485477066983666
57	1.1060398326886687
58	0.9797993298547769
59	0.9883850864475858
60	0.9913823660647958
61	1.1647137210723426
62	1.0969750716631992
63	0.8672848041171518
64	1.1138816829640006
65	1.001136316883874
66	0.8859490524261335
67	0.9607965767723795
68	1.0857489868091856
69	0.9403730049438256
70	0.9556719108043822
71	0.9297371733996657
72	0.9628600776447517
73	0.93022372115195
74	1.2964475861430926
75	1.006787378142573
76	1.028092719177342
77	1.307764484655015
78	0.9389756990022472
79	1.102489794046068
80	1.01984131893701
81	0.9996409406353484
82	0.9496179016178697
83	0.8918948862271797
84	1.0798137632135578
85	0.9100289886876094
86	1.0094526356505709
87	1.0011342479019085
88	0.8691343017557217
89	1.039528082760872
90	0.9880907566532866
91	1.080971097905979
92	1.023217334130539
93	0.9514960564811298
94	0.9769471522814888
95	0.8958526221498397
96	0.9628009843457895
97	0.9883922797853198
98	0.8339175484963236
99	1.0065541407641407
100	0.927223933025739
101	0.8936400402891346
102	0.9836984343457678
103	0.9653842714221089
104	0.9595251771968717
105	0.9529420299631138
106	1.0007021207521147
107	1.0845870437823508
108	0.9158120106568183
109	0.9376639095950415
110	0.8760513030219667
111	0.7652249032682821
112	0.876347493692926
113	1.0866292316970012
114	0.8794640764480497
115	1.138330687940319
116	0.9899936121661428
117	1.1843380626807534
118	1.0678922684287178
119	1.0630226677871388
120	1.1288429088748528
121	1.0106433694346586
122	0.8810544697275138
123	1.1234511760326484
124	0.9543140057105495
125	1.0877042938933095
126	1.1053818944322726
127	1.0558856389443683
128	0.9533120733752274
129	0.9349062915117589
130	0.9433153032438351
131	1.1337577963989207
132	0.973480440130292
133	0.9527523545376714
134	1.0423250216346283
135	1.2045306478369326
136	0.9192000906942278
137	1.0184573891145856
138	1.1318827576869845
139	0.9944983054913417
140	1.1642918231615236
141	0.9916710602603156
142	0.9788046756253723
143	1.0148016072127342
144	0.9280187969100276
145	0.8888037705699604
146	1.0367521654757792
147	0.9754771926654341
148	1.1334648319670453
149	1.0491663685907189
150	1.2337068046024633
151	1.041153993881806
152	0.9228438906418527
153	0.9103143997891676
154	1.01121745504912
155	1.0364357047319455
156	0.9737449350002902
157	1.0838909086982411
158	0.9754673432896696
159	0.9052321964459649
160	0.9523856241617112
161	0.9196461413901127
162	1.1625224112566317
163	1.0982631779973921
164	1.00916904510008
165	0.8951984004576452
166	0.9122223922434451
167	0.8615194855957677
168	0.9313693189234776
169	1.0043337876349465
170	1.1035028030690184
171	1.0545793927750404
172	0.896050849422527
173	1.0356253499679804
174	1.1129226428441368
175	0.9352405875515093
176	0.9292725057540354
177	1.0613812136562597
178	0.9723184540848157
179	0.9585974107568679
180	0.9915854964852426
181	0.9783972527417307
182	0.9744159613626197
183	0.9729271764692561
184	0.9549490641375569
185	1.1746871661804463
186	0.9743416627566942
187	0.9376362662337996
188	1.0294652057015818
189	0.8035139316792212
190	1.1271929763228397
191	0.8926677057316678
192	1.0034388853782032
193	1.3575322606352063
194	0.9904423730448767
195	0.9767241775654024
196	0.7952091204013956
197	0.9223641489588287
198	1.1975755609943861
199	0.9060478860501539
200	1.0401374267440529
201	0.8841300567481949
202	0.8686049745352684
203	0.9985656575884595
204	0.8820321858760788
205	0.9465162477722462
206	0.9779466607869169
207	1.0569406573600075
208	1.2177715523402948
209	0.9882554781138874
210	1.0443881535236539
211	1.0311967742547024
212	0.872840964222715
213	0.9404331205601597
214	1.1496172552272625
215	0.9594608740731624
216	1.0876636691248025
217	0.9808534138439196
218	0.8267401629729436
219	0.9538999578522328
220	0.9583010608357087
221	1.1364016506199333
222	1.018596284286559
223	1.0315744952164918
224	1.0840514631705995
225	0.9028830578401602
226	0.9912504614517279
227	0.8200053929178819
228	1.1283298225881278
229	1.0083231468727556
230	1.003462273045503
231	1.3308222808408046
232	0.9884584911299047
233	0.8796757685918852
234	0.934589684941811
235	0.9769716521528425
236	1.03227272863351
237	0.894218700414541
238	0.8960092360792212
239	1.01178625247155
240	0.9639624527908975
241	0.9281066928189673
242	1.197692308806133
243	0.9512122173432663
244	1.0182460621520664
245	1.183139081540425
246	1.1602667617201854
247	1.0693060803377108
248	1.0593689243733966
249	0.9342263239214971
250	0.7854747188021082
251	1.0488606839634629
252	0.8941793556168156
253	1.203281538798973
254	0.794418637701159
255	0.9971381471005811
256	1.0703538961295778
257	1.1152385219939065
258	0.943768964297491
259	1.0580498868660082
260	0.8841044349877638
261	0.8938795036182332
262	0.8166675696266861
263	1.024967683733441
264	1.0107479682833298
265	1.0445282686387922
266	1.075613734303973
267	0.8870441315535857
268	1.3120459592906208
269	0.9465651233282267
270	0.9930655555558195
271	0.7977661402567917
272	0.8399649052204243
273	1.188962290184052
274	1.0642961178790677
275	0.975476691356367
276	0.9962462766098752
277	1.1206797408485953
278	0.9079598485825592
279	1.036562946007085
280	0.9626143079534162
281	0.8852929031476794
282	0.9711914491215913
283	1.0611166868840114
284	0.9290393387400556
285	1.0771583305604624
286	0.966552145439138
287	1.016794160142017
288	0.9652468989455049
289	1.0089706250172539
290	0.9512132871624563
291	0.879131315037966
292	0.9620118333120445
293	1.1536131758674943
294	0.9375744358657588
295	1.0128746829379427
296	0.9785318730156232
297	1.2095795674874317
298	0.8577244091774545
299	1.1666433540390995
300	1.0979523947421155
301	0.8309472147738475
302	1.401629497720127
303	0.9317464632692394
304	0.9888431049824864
305	0.902133937950805
306	1.1271130148233237
307	0.9956098381085242
308	1.1228336539841925
309	0.8957061010601683
310	0.9503456836002149
311	0.9754710462672377
312	0.9593728435673643
313	0.9491641214109564
314	0.7503337313915946
315	1.0515552385237685
316	1.0291910672858058
317	1.000795771257715
318	1.0722106396753965
319	0.8730168464970581
320	1.1010430845502148
321	1.089122752758364
322	0.8900940533418367
323	0.972280943149447
324	1.0299644327937996
325	0.8109907808494909
326	1.0540396277834052
327	0.8797848745794061
328	0.9285957806262117
329	1.065005863157
330	1.0422952720975789
331	0.9829938972549016
332	0.9488260775849561
333	0.98068631926731
334	0.8851925560111887
335	1.1823527851445277
336	1.0342143651736726
337	0.8707685131817344
338	1.045944849864472
339	0.9831531141687772
340	1.0484065320336198
341	1.1543827957066437
342	0.8974894851774147
343	1.0857076624867068
344	0.9974273351024391
345	0.9815916743559193
346	0.9432298162094881
347	0.9302719770233894
348	1.041421544238533
349	0.9853590132769839
350	0.9967168627485108
351	0.9388099157785879
352	1.1022104934598342
353	1.0129172843276066
354	1.0569393075100695
355	1.168911703247962
356	1.002669454985844
357	1.2257867953806587
358	1.1030415742289126
359	0.9282170138171115
360	1.093406715387288
361	0.9398326728981072
362	1.0248361520292681
363	1.0665319266051492
364	1.1254215835255699
365	0.9505309969228242
366	0.8968298731747022
367	0.9196927719881138
368	1.045575975231667
369	1.1092142662407891
370	1.0989676644141133
371	0.9194196286989024
372	0.9941188411474889
373	0.9402813823269537
374	1.085714516111585
375	1.0224822021917905
376	0.932616123691161
377	1.0231839665436913
378	0.9659026990594601
379	1.067388095494537
380	1.1218168689512478
381	0.9314829287281208
382	0.9631500527237541
383	0.993321314276278
384	1.0258707370405593
385	1.001659674324987
386	0.9536582276360704
387	0.9605234423410876
388	0.9391208940586054
389	1.1418922323228877
390	1.1235590327037814
391	0.9487583414992242
392	1.060940585272056
393	0.9249467333421589
394	1.136869927404434
395	0.9675574647829596
396	1.0976656740286268
397	1.089879076696197
398	1.0680611976799121
399	0.8261826668276752
400	0.927299696379955
401	0.9078072935879785
402	1.0529430039167487
403	1.035579681195674
404	0.9273544778918296
405	1.0288015933142614
406	1.007633714620162
407	0.916636336877123
408	0.976210200348004
409	0.9564572489247956
410	1.137675970649571
411	0.947480941525333
412	0.9033589542256737
413	1.0391390656166568
414	1.0279095573759685
415	1.0031761634392298
416	1.016415933106608
417	1.1377055574866255
418	1.1802803936212123
419	0.9834494071203356
420	0.9155156746223451
421	1.0324704272134257
422	1.1704435257970283
423	1.0109423317416106
424	0.859783145768637
425	0.8801916451902136
426	1.0414153734266316
427	1.1945720551980272
428	1.1465136829967741
429	0.8195620702105091
430	0.943896424507955
431	0.9862080364477032
432	1.1184167866391226
433	1.1886015683965545
434	0.9658609883438072
435	0.8956651144191259
436	1.0711810449338477
437	0.9188966751036667
438	1.0173716983854229
439	1.0180821833428457
440	0.9423392022994409
441	1.0364474429308104
442	1.0932224061428715
443	1.0099059806198178
444	0.8058342606885787
445	0.967038065413627
446	0.9708022815402039
447	1.0522823522616485
448	0.8852915981895222
449	1.014757664926233
450	1.0410167076706611
451	0.8250013994209684
452	0.9437495210969211
453	1.2732482098279614
454	1.0829017483666903
455	1.0508829037280356
456	1.0530689256084687
457	0.8859947742759509
458	1.033918361925061
459	0.8216667692680519
460	1.0934600320869408
461	1.1469304475556652
462	1.0638730082442425
463	0.9167818870161425
464	1.02065327641917
465	1.2161291444548592
466	0.9399933134417627
467	1.0899508753428453
468	1.0617903794362706
469	1.0704281857583824
470	1.0896471807273518
471	1.0954490899598712
472	0.8079093428207721
473	0.929253684439124
474	1.0351390361346389
475	0.9795440094516128
476	0.9632182374874904
477	1.0350366329967293
478	0.8694811564282288
479	1.0187958338052745
480	1.0664258011319319
481	1.063393925455901
482	0.9708114118030025
483	0.8747964792990114
484	1.001695749553617
485	0.988439090229159
486	0.851254816437818
487	1.0789616556541193
488	1.1634709108679744
489	0.9224261203686164
490	0.9004033654467669
491	1.012034956533345
492	0.9236745388108193
493	0.9526139486616212
494	1.004486860684801
495	1.1043340439378824
496	1.0010233372805049
497	0.9825268036962008
498	1.0142924714213133
499	1.0254425004911845
500	1.114172861932302
501	0.8083283786283184
502	1.0840456902686784
503	0.9383762164902794
504	0.9588184478662193
505	1.0546282232915363
506	1.0345533519746355
507	0.9287847711019548
508	0.9224535178555124
509	0.9708705269885005
510	1.0557352295962426
511	1.0157444437147038
512	0.8873168165061707
513	1.0943644866319404
514	1.0294064850579476
515	0.9372034988814637
516	0.9125792402262103
517	0.8728884741410472
518	0.919139178641115
519	0.9254903722790763
520	0.8858760245172649
521	0.9300381713451512
522	0.9342905192189933
523	1.2277462068173965
524	0.9885663358191944
525	0.9109488417827636
526	1.2974315670907095
527	0.8739868252965103
528	0.7925297155571626
529	0.9920858385141547
530	1.0000207615398418
531	1.096384560221701
532	1.0446866331562854
533	0.9645467910181178
534	0.9157465361718111
535	1.138944198131379
536	0.8800971749633731
537	0.97092467563933
538	1.0106450066944301
539	1.044444779035159
540	0.9442958830935301
541	1.0105627904161267
542	0.9366701182431145
543	0.933453666170999
544	1.181009490293313
545	0.9952459977020593
546	0.9355003092192951
547	0.8378830257532379
548	1.1887369745455196
549	0.904092836322849
550	1.1088415359023338
551	0.9441251964846356
552	0.964530106189397
553	1.07227435987031
554	1.0239529577868365
555	0.9731277354523384
556	1.004574915787731
557	0.9763002903053696
558	1.1069994404071424
559	1.0022072887662197
560	0.9024788554883699
561	1.031490084692317
562	0.9869525676752349
563	0.9877384060314354
564	0.9703687211865221
565	1.1141839072952104
566	0.941528356791106
567	1.003421889529369
568	0.9537066296325699
569	0.8799965415937608
570	0.8929167997405992
571	0.864855003121442
572	1.1811935755286367
573	0.948761330641439
574	0.9838258909211891
575	0.9654516879140328
576	0.8251542317784109
577	0.9938440797072233
578	1.0066915471546798
579	1.055226124655532
580	0.9049907848905995
581	0.9205721116413431
582	0.9237039870015065
583	0.871852223981436
584	1.0612098385864919
585	0.9070306741479729
586	1.1226759362634733
587	0.8588529719243296
588	0.9561565456234801
589	0.9970276999410076
590	1.0044607152854712
591	1.0393058382515605
592	0.9491428197775443
593	1.0093942773368527
594	0.9952424967999234
595	1.210811389562207
596	0.9916835627063337
597	1.184328796702051
598	1.0542643200623958
599	0.934835514716894
600	0.9644984743190056
601	1.0004916103360249
602	0.9797234278658729
603	0.9956710558536317
604	1.0194183442511224
605	1.0287856436092035
606	1.0762396586620235
607	1.040468238781044
608	0.97224218028361
609	1.0792475887108957
610	0.9126046815885972
611	1.0223076663447794
612	0.9898816647026938
613	1.109942652120174
614	1.0387928155477386
615	1.0737308466062876
616	1.0787805337598089
617	1.019064882571095
618	1.1230563135767477
619	0.86281183714475
620	1.0501602052017545
621	1.0917478178036089
622	0.8766662597664262
623	1.126379622133285
624	1.0699901992435497
625	0.9712282036636366
626	0.9067583780219884
627	0.8620097666349711
628	0.8579221426284962
629	1.0161211065806988
630	1.3541597394886824
631	1.1145392260074705
632	1.1211539216216757
633	0.9640482001612712
634	0.9421587679667203
635	1.13173925564915
636	1.211453573518341
637	0.9745036681734665
638	1.1628263626278825
639	1.0956030662593272
640	0.8944638561804481
641	0.9611920717499424
642	0.9463116174147784
643	1.0722878594037626
644	0.8201312478632578
645	1.0393804103580173
646	0.9611595013001664
647	1.0310464241661548
648	0.9181278813410662
649	0.9627246473024061
650	1.0933447454145062
651	0.9618002363256225
652	0.9758059915095885
653	0.9520906301837718
654	1.064519547729442
655	1.1400540341449379
656	0.8905668936718056
657	1.03691455546751
658	1.01441935946722
659	1.1616832518464366
660	0.9690737804760113
661	0.7927989862265553
662	1.1024019127641054
663	1.1833441299634821
664	1.125010406124736
665	0.9254609500048431
666	1.0627757539542173
667	1.0774142152756225
668	0.992813200524856
669	0.8363325489308625
670	1.0482236314634747
671	1.0171142829822095
672	1.0325198538804763
673	0.9525041793041398
674	0.9079363880527509
675	0.8467751955887086
676	1.0497092921294053
677	0.960113205519648
678	1.0514158302059817
679	0.932689494156517
680	0.9944917780781055
681	0.9827574829688159
682	0.9730930603822938
683	0.9665782852324694
684	0.8155392452835759
685	0.8809935909299667
686	0.8665000761954036
687	1.1127843708627843
688	1.1366164054075405
689	1.0915907949520047
690	1.0118488174295432
691	1.1143111616619499
692	1.171780243664504
693	1.082194179400184
694	0.9972302096541368
695	1.1403758994162496
696	1.0160528604540622
697	1.0784100092389028
698	0.8811477589262523
699	1.0094011912963032
700	0.9414656446664805
701	0.9542486052794534
702	1.043177107368896
703	0.9212903828791074
704	1.0165080410510798
705	1.0142740513704673
706	0.8990745994718718
707	1.0797792620628044
708	1.0493327895695328
709	0.939823757637194
710	1.071095393916474
711	0.8931184750524089
712	1.0338210261498124
713	1.0735700119437495
714	1.210743561718345
715	0.9905109900245723
716	0.9377189877970246
717	0.9281158401894142
718	0.9035542730633376
719	0.9460032448329955
720	0.9049423682217805
721	0.9148480882234239
722	1.1101651667794283
723	0.8872493392148013
724	1.1798536221981832
725	0.9393227245519711
726	0.8882533903880112
727	0.9916912880214886
728	0.9869241249670463
729	1.0127940611501631
730	1.046233090131246
731	1.0276647800107541
732	0.9213182375111216
733	1.0704855165027132
734	0.9962857464172212
735	0.8844454708509633
736	1.0281303805928566
737	0.9266541212525573
738	0.9695265354051456
739	0.8016704515250604
740	0.9735225872377287
741	1.0012993490100288
742	1.0630723182113637
743	0.996122865594674
744	0.9870313777996257
745	0.8962231639983397
746	0.9816995944746569
747	0.911151460168149
748	1.1208143997852493
749	0.971694966688371
750	0.9689794794133016
751	0.9658367261352027
752	0.8945722163807291
753	0.8985225263490029
754	1.0901301900611196
755	0.8712788034272423
756	0.9750428907077157
757	0.8656364477451485
758	0.9023177617987096
759	0.8567307221043711
760	0.9425197784055998
761	1.0855653637834735
762	0.934207041574805
763	0.9584503913365308
764	1.081263245569347
765	1.0874827939307834
766	1.0660287823579389
767	1.0060662993759308
768	1.098605235309462
769	0.8660504387527022
770	1.2561722651183418
771	0.9885765666768062
772	0.9467634340318624
773	0.8568865871224214
774	1.033006178564572
775	0.847876683476654
776	1.085194465738736
777	1.0560358333210513
778	1.0682208749539344
779	1.061685937424821
780	1.0688680581956629
781	1.084742781036777
782	0.8665010831403154
783	1.0099927621515297
784	0.959705166155335
785	1.1086130421632192
786	0.8892539176277681
787	1.0748616232587171
788	1.1194509777742656
789	1.200764207367646
790	0.957079039871103
791	1.0466983918647794
792	0.9059961443597351
793	0.833276707097198
794	1.109710334742046
795	1.052281228315283
796	0.9403759818068159
797	0.9344921875718235
798	1.0244325955666387
799	0.994101182817181
800	1.1173174505196701
801	0.9498122645948859
802	0.8976208522143202
803	1.0199221173115671
804	1.0370008501689985
805	1.0497353967505492
806	1.0378645320756041
807	0.8968707603767423
808	0.9288004494389529
809	0.8883194474870502
810	0.9499863015633248
811	1.0334360660467226
812	1.170214784181438
813	0.8803959274410347
814	0.9700798031237261
815	0.9863113337705793
816	0.925580176038964
817	0.9486974610356439
818	0.8459915346393301
819	0.9688456173668262
820	1.0215486473937707
821	0.9786592973315309
822	1.0472175046746193
823	1.172082680784332
824	0.986762127110149
825	1.0976080558998105
826	1.037235550093847
827	0.9810775239487574
828	0.9000086003897837
829	1.1278303840911112
830	0.9792830386865103
831	0.8885593553661909
832	0.8484240083230451
833	0.8874164677178193
834	1.0464419435577421
835	0.9305008210893368
836	1.1055714089785549
837	1.0237741181910704
838	1.0891763258310747
839	0.9896973733640066
840	1.0503748124706964
841	1.1832213249957821
842	0.9203879022015595
843	0.9685846654932506
844	0.9552956602440623
845	0.9896281827824147
846	0.8534824073821845
847	1.0334968242928313
848	1.0340833333632156
849	0.8846045663727098
850	1.1224189127967916
851	0.9930961174728145
852	1.0950098483200836
853	1.1430436834323252
854	1.0518164903865124
855	0.9322705028962663
856	0.873334533335639
857	0.9531811837825409
858	0.8787015507986152
859	0.856018169520076
860	0.986305466199964
861	1.1987860553180323
862	0.9634128954512368
863	1.1901763206485443
864	1.0260096756185455
865	1.0102043824399662
866	0.935042815221471
867	1.0596098092172872
868	0.8581943064127632
869	1.0112560278639293
870	1.1303818799394494
871	1.0863425576574015
872	0.9702658322722887
873	0.9146926686152187
874	0.9798793613636833
875	1.0597974415925127
876	0.9783110947339765
877	1.0089081545278171
878	1.0987045731350884
879	0.8198219126262951
880	1.0068797695026066
881	1.0757905370666823
882	1.1117657026904266
883	0.9819959290634158
884	0.9605547857748276
885	0.8650391397689854
886	1.022109981501575
887	1.101338029632743
888	0.9261328127074725
889	1.013382697325518
890	1.0433672905277722
891	0.8046710868827207
892	1.0443444815860832
893	0.8250818391587025
894	0.9952151117194957
895	1.0467492478844307
896	1.172304614494937
897	1.1401334489550807
898	0.9980428772161402
899	1.0418853326678847
900	0.8470200425699187
901	0.9548340372468822
902	0.9746410025338086
903	0.8226990889829132
904	0.9718823983064235
905	1.0700636775420747
906	0.8262458479083635
907	1.0281912662766388
908	0.9999746826082152
909	1.0616365423678313
910	0.9909699062851004
911	1.0472236434890134
912	1.0158740484244642
913	1.0693637799102196
914	1.1139808428482594
915	0.9088578812514748
916	1.0443372753398676
917	0.8420013499676892
918	0.9568158817008501
919	0.8978710948985015
920	0.9358094118865681
921	0.978065901997351
922	0.9007393667086094
923	1.0456716196406892
924	1.0041411088832917
925	1.1985509525915206
926	1.0834844066030498
927	1.010854835682457
928	0.9232283196472487
929	0.9284353962989625
930	0.8094517084648376
931	0.982273168215738
932	1.029221670050584
933	1.0908013400572434
934	0.9750447851507558
935	0.9989608525446952
936	0.9584777321445466
937	0.8859339876831307
938	0.893058794514895
939	1.0564364193214606
940	0.8049486720196019
941	0.9239184697900668
942	0.842853127733253
943	0.9104623294600657
944	0.9645052137147495
945	1.086855976358546
946	1.1344781289639867
947	0.9993541379384326
948	1.087134100467413
949	0.8598177661305858
950	0.8972801932217721
951	0.9928035058984331
952	0.9328286142141087
953	0.8919423648176069
954	1.0500904571975664
955	1.0409079817485833
956	1.0397311930153559
957	0.8938854940228506
958	1.0015973689819644
959	0.9406776430562955
960	1.0830444282250256
961	1.0879397181366965
962	1.1399050199840077
963	1.0045096013166261
964	1.015029517187314
965	1.0334822379546544
966	0.7077268400091922
967	1.2062496095176567
968	0.9193861738048086
969	1.088811626354736
970	1.0476450058693945
971	1.2780684733647352
972	0.8504728682725025
973	1.017963550673165
974	0.9870390089592262
975	1.0224832262704084
976	1.0824143185464223
977	1.0113950945012036
978	0.8617170688516901
979	0.9378190035294337
980	1.038870577829594
981	1.1377790701565969
982	1.0376671628156393
983	0.9861599012378014
984	1.2564104625476922
985	1.107619945821056
986	1.0066364200999751
987	1.0632864837542908
988	1.0180300896403682
989	1.0410877674079309
990	0.8868356340402425
991	1.053815451821542
992	0.9781505392767244
993	0.9390091805834513
994	0.9212881756274426
995	1.0268910127773583
996	0.9403292477103335
997	0.969530833667595
998	0.9721567390703499
999	0.9349783843972544
1000	1.1500512350602927
