1	0.9031324195907424
2	1.0206105238655399
3	1.0225079403867643
4	0.9714402719334732
5	0.9877545940719991
6	1.0347448328759157
7	0.9135030160499003
8	0.9912848915080763
9	1.1189841925121793
10	0.9939942824666186
11	0.9833161185360477
12	0.9981886747137948
13	0.9875961455810737
14	0.9502618257265323
15	0.9152350058435824
16	0.9871642202761167
17	0.9350806032855218
18	1.0032636085942737
19	0.9324396228609314
20	0.953565326150689
21	0.9627543129954447
22	0.968466029708214
23	1.0520305234903249
24	0.9242499560021049
25	0.9804036712646208
26	1.03806331506352
27	1.0189965578766906
28	1.0308805798628893
29	0.9953643302740144
30	1.0412107078829071
31	1.0331699052667411
32	1.010098262183368
33	1.0416460902328426
34	1.005679842235211
35	1.0101270761321204
36	0.9597509987011321
37	1.0197999596563485
38	1.0148869087227557
39	1.0147731352335787
40	0.9709393970346563
41	0.9963267376670218
42	1.0209721936420932
43	0.9591423430617104
44	0.95934629674493
45	1.0444478344108583
46	0.9704284413101768
47	0.9452296194880161
48	1.0792754361700225
49	1.020156725827075
50	1.1319267841753469
51	1.0127340760954398
52	0.9109001159520103
53	0.9842668050819832
54	1.0063074637726266
55	1.1128546916371131
56	1.011728514338869
57	1.0239691346756494
58	0.971421936258569
59	1.0121769176504423
60	1.0022115605524342
61	0.9473498490495562
62	0.9162074269749692
63	0.9304296538740446
64	0.965384189764099
65	0.9766450157291786
66	0.9401172185261921
67	0.991400962694817
68	1.041415286585992
69	0.95667764322055
70	0.9410021945168976
71	0.9571718528308366
72	0.9742962782923923
73	0.99920299495357
74	1.0756576244095215
75	1.0810636202489665
76	0.9478466025752779
77	0.9700391574996137
78	0.992273830005563
79	1.0698419338266387
80	0.9454385167584208
81	0.9894574156994086
82	1.0119477097620164
83	0.9454301509723332
84	1.0159365286707596
85	0.9663450179328994
86	1.0401672034563387
87	0.9276372044075296
88	0.9823686636360415
89	0.9619280769084148
90	1.0041660224552962
91	0.9697828663762653
92	0.957175700452812
93	0.992910963929325
94	0.9938024819620012
95	1.0489917081622886
96	0.9485856444405412
97	0.9100453464646515
98	1.0185546464112274
99	0.9493211135040952
100	0.9511417941017153
101	1.0283472959245674
102	1.0428800496334765
103	1.01044976407692
104	0.936155042689235
105	1.024457854381692
106	0.9859607693828822
107	1.009563420235894
108	0.9635450118033403
109	0.9252291309479249
110	0.9993844852054127
111	0.9075530643692795
112	1.0117630821789227
113	1.0013931269425755
114	0.9393910091670802
115	1.1484240928223355
116	1.0053847515826893
117	1.136708403149906
118	1.0338112092417555
119	0.9862854520843196
120	1.061232152767465
121	1.0577476800033512
122	0.9747447946684759
123	1.0362818510446747
124	0.9528691050393702
125	1.0814684363372524
126	1.054336546903718
127	1.0456653516566796
128	0.9854762587168687
129	0.9963827091606159
130	0.9836698283627315
131	1.0463878356401846
132	1.0145956589309715
133	1.0077565955344394
134	1.0341748595941918
135	1.056633666746825
136	1.0053201765189863
137	1.0523306407392456
138	1.0437371872854582
139	1.040922320603763
140	1.0017801824071393
141	1.0004845945913847
142	0.9921241470942337
143	1.0167579794185486
144	1.0032627907731066
145	0.9501252438310022
146	1.0007352718693827
147	0.9081305561226538
148	0.958075473512647
149	1.047195211923837
150	1.0475493477094175
151	0.9914847630813303
152	0.9107056062683033
153	0.9756402914327134
154	0.9806695602348089
155	1.112928510396827
156	1.0271116611386322
157	0.9820575461738901
158	0.96207129647446
159	0.9461091340761718
160	0.9562492624239635
161	0.9204205439804012
162	0.9636592802331195
163	1.0192709540736296
164	1.0054657490511072
165	0.9744438354418624
166	1.018800468758456
167	0.9884157422587719
168	0.9474070059651674
169	1.005742749429452
170	1.030280113063551
171	1.0030077108528195
172	1.0500180286129444
173	0.9770364405875658
174	1.0642322862737423
175	0.9668718349637637
176	0.9763470351273832
177	1.0155274444844133
178	1.062977128758609
179	0.9976634193343239
180	0.9702071694581887
181	1.0356445039196474
182	1.0395222886627407
183	1.0151129019346348
184	0.9570427411737908
185	1.065201975375371
186	0.9595740810944197
187	0.9905350180071228
188	0.986369937256672
189	0.9054323665817483
190	1.0090247271481805
191	0.9332244477757698
192	1.0340281412347792
193	1.052290068473651
194	1.0109587325918838
195	1.0113910522726242
196	0.9464592755526015
197	0.9885618423813423
198	1.078439905144798
199	1.003983815224402
200	1.0492973924480302
201	0.9313283912484267
202	0.9671576403272902
203	0.9894716700213851
204	0.9645127996173832
205	0.9710595134394084
206	1.0016203700714816
207	0.9713215623378585
208	1.1545262806050884
209	0.8904254337502951
210	0.9234061057118776
211	0.9867094104429043
212	1.0019796387000786
213	0.9488800693419187
214	1.0411779409865896
215	1.0470204290010912
216	1.0886264637502894
217	1.0267272868712811
218	0.9400000015277731
219	0.9126071986411365
220	0.9852574547830666
221	1.0135786285755464
222	1.0651338191112345
223	0.9862931422382049
224	1.0556070184565867
225	0.9931719148386816
226	1.0561321026108033
227	0.9085225945627049
228	1.0134199446354428
229	0.9804176084420431
230	1.0901007894085497
231	1.0972574096272207
232	0.9381792393771551
233	1.0131618447018162
234	0.9658785079585344
235	1.0392326218094046
236	1.0065461980298265
237	0.9394769566753612
238	1.0070189146716853
239	0.956075392250182
240	0.9884162605669662
241	0.9652678662125452
242	1.017573085132821
243	1.006546861589255
244	0.9712026681338443
245	1.060635005219197
246	1.0420110305135364
247	1.049434815753719
248	1.0443068958526167
249	0.9948047538308965
250	0.9219079558835258
251	1.0848457744702702
252	0.9237076714426666
253	1.0789223256444849
254	0.939168262910021
255	1.013755124634406
256	1.1047645825105392
257	1.003220805821497
258	0.9920959238801073
259	0.9940374851481217
260	1.06327842279374
261	0.9945414576037556
262	0.8774670917209281
263	1.0338928495566284
264	1.0088491454140116
265	0.9688170510316387
266	0.9518832661774932
267	0.978119196062795
268	1.1198005170839789
269	0.9822513729721407
270	1.0111651048537165
271	0.9717314737722165
272	0.9381925130507005
273	1.1317236773418895
274	0.9673418160169097
275	0.9953046829208966
276	1.0840464093222648
277	1.1024148007760195
278	0.9896849692572404
279	1.0148953893953354
280	0.9274862963247411
281	0.924627863999839
282	1.0801654073691105
283	1.0147765456679825
284	1.020184479372904
285	1.097529328872549
286	1.0046722006140012
287	1.031466045980074
288	0.9607305681485608
289	1.0061706632755034
290	1.0504704741911965
291	0.9505238069282417
292	1.0382861528040956
293	1.0903593059059342
294	0.9944313953612588
295	0.9914498099552556
296	1.1340998639965896
297	1.0931114156379056
298	1.0226887192009162
299	1.1028474520771663
300	0.9787115524029578
301	0.8966128961934691
302	1.0856931626542785
303	1.0127305568974874
304	1.012982317421919
305	0.9964380558196401
306	1.0566380623644427
307	1.0430726070809315
308	1.0376833189392496
309	0.9359614123105947
310	0.8992957231877051
311	0.9365878833319367
312	0.9883290608655387
313	0.898669179265544
314	0.8990792428351442
315	0.9937093444219514
316	1.0731628627305552
317	1.030205343992635
318	0.9823291550754316
319	0.9364863225973439
320	0.9876548320086707
321	1.0508159756772633
322	1.0024871592734568
323	0.9782963180125633
324	0.9883699581256856
325	0.9351734763067661
326	1.0447380455594764
327	0.9037472362441018
328	0.9621971204599147
329	1.010018129334968
330	0.9750735567124541
331	1.0688821842939162
332	1.0691649811079202
333	0.9452575937110397
334	0.9811974118094635
335	0.9904618886276422
336	1.0285883239929008
337	1.0594359952114045
338	1.0488699064390745
339	0.991044805255065
340	1.0133284363411479
341	1.1309686966040082
342	0.9057631373813779
343	1.0341631990327107
344	0.9055810955851187
345	0.9609133221677642
346	0.931665424591481
347	1.0240084417892157
348	1.0485422404740974
349	1.0002961118335874
350	0.9870986578841334
351	0.9537395751146769
352	0.9751643977779086
353	0.9942958591156665
354	0.9832060631019638
355	1.0914933090894832
356	1.0438989469303122
357	1.0978172137950966
358	1.01686566351233
359	0.9634084222178017
360	0.9980867613988478
361	0.9625378886635927
362	0.9770979647586154
363	1.019645103688024
364	0.9813434085278159
365	0.9545650741069505
366	0.9631782765843946
367	0.926352416660248
368	1.0193130317873234
369	1.061964018174292
370	1.0209879255993484
371	1.0228747715708526
372	1.0242889876001309
373	0.9156867934451366
374	1.000141001633246
375	1.0329027294430595
376	0.9807122533224869
377	1.0540152495531814
378	0.9609166855377258
379	1.0213557760875076
380	1.11001541488815
381	1.0106248284993442
382	0.9137527439539668
383	0.9453255888856135
384	0.9736872806196868
385	0.9655167007248272
386	0.9540024272615044
387	1.030630710901048
388	0.9546371345098662
389	0.9992975615128651
390	1.0220433064108527
391	0.9711953833252508
392	1.038153375482946
393	0.9948444155809777
394	1.0445832040216287
395	0.9640490381118381
396	1.0056313843834064
397	1.0267127409533054
398	1.082848658695053
399	0.8960407656151979
400	0.9515370540418654
401	1.0153683246483585
402	1.0560935509028009
403	0.981202503615296
404	1.015737840958651
405	0.9560623450162379
406	1.0077347234149692
407	0.9925674225906643
408	1.0075908183854911
409	1.0150006729816234
410	0.9933053946042363
411	0.9856211710876742
412	0.9873279510913123
413	0.9981445832986453
414	1.0687271312016742
415	1.0881447245481664
416	0.966352992689669
417	1.022757692745314
418	0.9851426157446032
419	0.9469724076876568
420	0.9726482234695616
421	1.0022534316041212
422	1.0996610518389573
423	1.026511563526245
424	0.8907903847796791
425	1.0162937229675484
426	0.9423229869480735
427	1.0418419051182375
428	1.0640084367750142
429	1.0536750689017418
430	0.9547141150023837
431	0.9490960728979491
432	1.0755077886488276
433	1.09104816952529
434	1.0009555801816599
435	0.9914128388234571
436	1.0555443597606151
437	0.9824395842038036
438	1.0866523288074754
439	1.0096033625860346
440	1.0031331298849364
441	0.9538667596357937
442	0.9925012932489222
443	1.005177063098547
444	0.94282321358694
445	0.9896126436986921
446	0.9807243546557105
447	0.978060105158064
448	0.9393180387534598
449	0.9917608962262461
450	1.0416001619206807
451	0.9395322359446174
452	1.0336463667227838
453	1.0042837769540551
454	1.0381408154031577
455	0.9627230684212996
456	0.994221998697048
457	0.9778686666938381
458	1.0138896054729072
459	0.9851757770162944
460	1.052874952911911
461	1.0167540418508685
462	1.0429622628504291
463	0.9538979947942412
464	0.9237835504642519
465	1.2036565075500438
466	0.9316202328195652
467	1.0124874052756432
468	1.0949751380426018
469	1.0006987900855155
470	1.0192531983501862
471	1.0209727118812553
472	0.9616879261630185
473	0.974755113494729
474	1.1051125182332082
475	0.8994185753573135
476	1.0374537330064741
477	1.0433269791148836
478	0.9894528179322456
479	1.0332301385794003
480	0.9786281751536191
481	1.0685487153714077
482	0.9867555859944427
483	1.0140313756134818
484	1.0078996917154945
485	0.973221792598715
486	0.9376994434671944
487	1.045764941485951
488	1.0064957845417242
489	0.985536140394735
490	0.9790812024424467
491	0.9863279165488661
492	0.9679299777086047
493	0.9951655599706588
494	0.9418601712996607
495	0.9917754315821944
496	0.9610133711821147
497	0.9655387618839358
498	0.9813183467300782
499	1.025950922639984
500	1.027586682881497
501	1.019783058489966
502	1.0175558855687383
503	0.9760411540762385
504	0.9679272333266715
505	0.9910634837087389
506	1.0194658081971502
507	0.982541383312687
508	0.9262102244011226
509	1.0102945160135888
510	1.0468320420925532
511	0.9687299692196707
512	0.9595634844344916
513	0.9441657578933337
514	1.0078291319357426
515	0.978142483483559
516	0.9265852610879344
517	1.0246970441553023
518	1.0521409086418128
519	0.9217108124268224
520	0.9256543246033682
521	1.0488329520940867
522	1.0073767132137803
523	1.1017566937909562
524	0.9567596877558288
525	1.0271419058979347
526	0.9973182580427843
527	0.9873215891557922
528	0.8992896599059407
529	0.9765750503895002
530	0.9653576078240649
531	0.9878931937120512
532	1.0487208534972723
533	1.0050100344467126
534	1.0737190385449837
535	1.019336930476419
536	1.0260843456828248
537	1.0093978920970463
538	0.9618888302205537
539	0.9976134510076224
540	0.9606278980854991
541	1.0500576135717752
542	0.9768526273564622
543	0.9872056939610776
544	1.0108972724989145
545	0.9926251584451885
546	0.9284486713392235
547	0.9705875382873387
548	1.0429469621349003
549	0.9789046785062525
550	1.0852787681218814
551	0.9521962084835975
552	0.970188330993965
553	0.9764254057866073
554	1.0332593419137484
555	0.9655600253731933
556	1.0627241045142923
557	1.1043609426132468
558	1.0388470996317771
559	0.9620772300621249
560	1.0283224412709067
561	0.9733433318597756
562	1.0462018207376698
563	0.9767768597490638
564	0.9587016032092854
565	1.0556100882159014
566	1.045679331074021
567	1.0160228295168692
568	0.9799087358336509
569	0.9346226433485707
570	0.9547127203438506
571	1.0350761392820433
572	1.0472410444142983
573	0.9873857476901383
574	0.9716372708110611
575	0.953114959169442
576	0.9254275112451076
577	1.0035819845384963
578	1.0177586392955438
579	1.0188923590382428
580	0.9558381377501306
581	0.9388522207206339
582	0.9546384312416334
583	0.9879307836534291
584	0.995999626879105
585	0.9879888486520683
586	0.9992870213169155
587	0.95808449632728
588	1.0562340039748728
589	0.9752917762015175
590	1.0096212441345864
591	1.0115979614624149
592	0.939676034189987
593	0.9498067818974606
594	1.0062084166833742
595	1.0292893953737234
596	0.9920762098204816
597	0.997558775680245
598	1.0136946185056352
599	1.0585956845835633
600	1.0283096272666403
601	0.9684367780435813
602	1.0168338349052806
603	0.9981037484570237
604	1.0262496338424387
605	1.0083927793531282
606	0.9305079864598392
607	1.035498259830443
608	0.9625759360094259
609	1.089286901845617
610	0.9137757024889287
611	1.0874158391267876
612	0.9895676356418724
613	1.0826918968552943
614	0.9844817470501308
615	0.9945275574959225
616	1.030806859650538
617	1.1037582839738964
618	0.9431572402819456
619	0.9455741906135499
620	0.9324696644771443
621	1.08376264678832
622	0.9416432898597225
623	1.0789703849534387
624	0.9610864459311792
625	0.9956973482381899
626	0.999261529371521
627	1.0126292517273643
628	0.9132144373930605
629	1.0380209124057416
630	1.1297161522111636
631	1.035854935046203
632	1.0546504253366187
633	0.9878401616799005
634	0.9564630438823148
635	1.1021795260543876
636	1.0541301264162803
637	1.0512961330775326
638	1.0492914727735345
639	1.0583533123922118
640	1.008035236943596
641	1.0172084237277437
642	1.0254633200694576
643	0.9485043224836311
644	1.0049905177517098
645	0.9017852321645082
646	1.0145750839188237
647	1.0247428981314113
648	1.049007621013898
649	1.0024591480119358
650	1.0751530873367496
651	0.9264803677572928
652	1.0677258593379653
653	0.9858493627052096
654	1.153928745554229
655	1.0247240912755395
656	0.9690852565795931
657	0.9615118276423447
658	0.9926680127363365
659	1.0954878158852983
660	0.9781843390857796
661	0.9228465136229387
662	1.0877157777923165
663	1.0590725497069997
664	1.0383847578529992
665	0.9559838194576915
666	0.9895366731475215
667	1.0158092846141489
668	1.0037211136235729
669	0.9319462700933782
670	0.9845206327329742
671	1.039136469075496
672	0.9677927052627431
673	1.05630533878181
674	0.9255361686021281
675	1.0267931751400243
676	1.0079943224243944
677	1.013933203839615
678	1.0189473135534963
679	0.9453954474053785
680	1.0092671249056508
681	0.9798109268902886
682	1.0229178821999945
683	1.0629997924807235
684	0.9640227909792869
685	0.9544778656140835
686	0.9465779881543582
687	1.0818831196157854
688	0.9512323936936975
689	1.038386617726575
690	1.033624702627328
691	1.0576408114157323
692	1.0711271894133412
693	1.0090978618314594
694	1.0868945087124329
695	1.0907046760730543
696	1.0777101796564639
697	0.9782430488283846
698	0.9839116926636791
699	1.03632640175567
700	1.0196082854020487
701	0.9998939667345036
702	1.0684525067690624
703	0.9984700423128221
704	0.8748218168558239
705	1.0248355321789935
706	0.9011555144850589
707	0.9588992841803994
708	0.980656031492968
709	1.009492385794507
710	1.0071980512925613
711	1.0444411893612204
712	0.9993493873772425
713	1.0296554099931927
714	1.0881766017842993
715	0.9796377521023586
716	0.9171723223697751
717	0.9689806984420688
718	0.967067544853891
719	0.9854076632446797
720	0.9362311797487985
721	1.0182585086887868
722	0.9855001060097183
723	1.0083461847701496
724	1.016903736896246
725	0.9811113574935487
726	0.9584686836645764
727	0.9262668097442951
728	0.9666107150884529
729	0.9942718498274198
730	1.0360638412907275
731	0.9895146792616377
732	1.0420135348892485
733	1.039879400409511
734	0.9737127026875898
735	0.9735913762972975
736	1.0020631846948411
737	0.9169296551861247
738	0.918172391961242
739	0.886086971367795
740	0.9610393666822828
741	1.0241771124422698
742	1.0313348840582064
743	0.9328844901567437
744	1.027516824538051
745	1.0455749678026456
746	0.9704345210959998
747	0.9410008238079192
748	1.0043023048148314
749	1.0184971051891623
750	0.9981818161013387
751	0.9437411717239408
752	1.016833967750401
753	0.9557288782955358
754	1.0354507966350555
755	0.9515512697319536
756	0.9479131975446902
757	0.9403607604902205
758	0.9839576180041296
759	0.9483970807153058
760	1.0090670889547553
761	0.9905035969105634
762	0.9586506350559959
763	0.9632167688676586
764	0.987057329187612
765	1.0024216719769545
766	1.0694354638066694
767	1.0882840137842213
768	1.0180203468413611
769	0.9827593983970947
770	1.0718897664588969
771	1.0100247884799505
772	1.0346331676070437
773	0.8861295859050177
774	0.939176952390926
775	1.0480609361246145
776	1.0472953406489558
777	0.9869232770499826
778	1.0917047166768428
779	1.041592015857078
780	1.114525158476381
781	0.9328479240539614
782	0.9568754565407818
783	1.0539963165265058
784	1.0315194167181856
785	1.0703944894340458
786	1.0309534323821223
787	1.0363613623497168
788	1.0312843723194354
789	1.041090283961316
790	1.0006555236131518
791	0.9920202495638718
792	0.9671633495401414
793	0.9055146533540244
794	1.0182986413946216
795	0.9789175329067399
796	0.9758955861631187
797	0.9764217409037048
798	1.0614845037822864
799	1.002318525836543
800	0.9441275468465545
801	0.9233657015201098
802	0.9965422416250699
803	1.054898260387032
804	1.0343526763908182
805	0.9556700714743043
806	0.9725029704507916
807	1.0787078386554714
808	0.9389112267561027
809	0.9801038644195844
810	0.9552987244502958
811	0.9705426710405713
812	1.0365392832016977
813	0.9297197723655694
814	0.9858547718130578
815	0.9563913253552145
816	0.9916850074787057
817	1.0226735941277267
818	0.9365988025347605
819	1.0128466295937808
820	0.979382504521546
821	1.0220625449330552
822	0.9705939705940879
823	0.9427570334272861
824	0.9806213449587802
825	0.9492524854114187
826	0.9745979310357836
827	1.016057477375242
828	0.9402721885489361
829	1.0816727677960105
830	0.9835502965444844
831	0.9617102144463724
832	0.9435457560019079
833	0.9617812483724869
834	0.9683663078410089
835	0.9928879258189898
836	1.1064079644288414
837	1.0119400206738867
838	1.085282154987726
839	0.9901205931587478
840	1.0504019113389655
841	1.0930120860513282
842	0.9680169785907368
843	0.9462533455822935
844	0.9697591142379188
845	0.9575249750431901
846	0.922114846346586
847	1.0128047653800654
848	0.9939425011920092
849	0.9115269236511806
850	0.9369928377461432
851	0.9925110288162086
852	1.0499922392623247
853	1.1353601583377748
854	1.0074732013672079
855	1.0466425463072604
856	0.9567954217933492
857	0.973305465920505
858	1.0238905507397595
859	0.9570971427032993
860	0.9471926804045979
861	1.0598131304260505
862	0.9158051980696018
863	1.099949941377964
864	0.9666228135242607
865	0.9904887679022647
866	1.04203856595171
867	1.048669347774717
868	0.8964769418661267
869	0.9788625190632348
870	1.034948338739761
871	0.9765977490710253
872	0.9770025263713487
873	0.9874442142540187
874	1.0408562983487566
875	1.066338491650858
876	0.9768122348337607
877	1.0223554644445678
878	1.0861491846424587
879	0.9240007637871378
880	1.0182772313605244
881	1.0085536347824458
882	0.9945779569888904
883	1.0454556634161705
884	0.981259440232451
885	1.0407515467888033
886	0.9694431426983161
887	1.0352484412037026
888	0.9338420689194472
889	0.9993811918639378
890	1.0890119105447384
891	0.904710478072117
892	0.9536412326785078
893	0.957538596330827
894	0.9776864968319139
895	1.0268709604007014
896	0.9892913014534667
897	1.0774838023975042
898	1.0069561851252453
899	0.9838117643525174
900	0.9504526480984693
901	0.9642211458116327
902	0.9727332391653417
903	0.8788270925111795
904	1.0019556492796957
905	1.052871377588195
906	1.009288969276153
907	1.0365148156246826
908	0.973381000305005
909	1.0053965688720279
910	1.000446867386724
911	0.9525802620885931
912	1.0213199609121482
913	0.9446738281831215
914	0.9257583748200927
915	0.9567879244623645
916	0.9672636372680191
917	0.9748850330486537
918	0.9473830014547187
919	0.9765439917664854
920	0.9897248274241424
921	1.0001750274417232
922	0.9708988271307385
923	1.0128096422306365
924	1.0111130440866496
925	1.0509162566091164
926	1.0046246988279866
927	0.9784154476669401
928	0.9773276853636196
929	0.9678466687199272
930	0.9590145177406989
931	1.0623863240304252
932	1.0218767460803388
933	1.0102691126067644
934	0.9904032296410694
935	0.9861392115685542
936	0.9466370634062012
937	1.007192377762751
938	0.988358978572527
939	1.0393185993478047
940	0.9594201257041288
941	0.9969712785996063
942	0.9533435559824393
943	0.9352896834572536
944	1.0069760021702956
945	0.9981762629535457
946	1.0120272875121985
947	1.0312555942278643
948	1.041481928936998
949	0.9618191113561564
950	0.925868000214744
951	1.0892527912617254
952	0.9867387769061855
953	1.0081012867372074
954	1.0129569255962203
955	1.0172820030339347
956	1.0221707827484041
957	0.9569269433371466
958	0.9714182873097075
959	1.0018585128491504
960	0.9112006653205205
961	0.9616712886716454
962	1.0079179524046096
963	1.026337313473929
964	1.0486847069482341
965	1.0660494243326646
966	0.8839720049981306
967	1.0327584113097055
968	0.9780865082902961
969	0.977259986832463
970	1.0435106080023757
971	1.0802283595073465
972	0.9821204766716924
973	0.9724658441105978
974	0.9635065575347275
975	0.9484775980070734
976	1.0257063599470637
977	0.9623342478536003
978	0.993537338694301
979	1.0370482308840232
980	1.031219441982889
981	1.0975978515295413
982	1.0439612144997987
983	0.9307711815048739
984	1.0818380961571437
985	0.9815149453933524
986	0.9993603002088292
987	1.073959405138097
988	1.0163383579785177
989	1.045499344870199
990	1.0257639327215629
991	1.0267396726805853
992	0.921105428078781
993	1.0156428045418011
994	1.100778098270458
995	0.9931600634032649
996	0.998586249164131
997	0.9183931462845908
998	0.9539123273193729
999	1.0212291560508064
1000	0.9827205402612378
